  -90.0000    0.0000    3.9545
  -90.0000    5.0000    3.9545
  -90.0000   10.0000    3.9545
  -90.0000   15.0000    3.9545
  -90.0000   20.0000    3.9545
  -90.0000   25.0000    3.9545
  -90.0000   30.0000    3.9545
  -90.0000   35.0000    3.9545
  -90.0000   40.0000    3.9545
  -90.0000   45.0000    3.9545
  -90.0000   50.0000    3.9545
  -90.0000   55.0000    3.9545
  -90.0000   60.0000    3.9545
  -90.0000   65.0000    3.9545
  -90.0000   70.0000    3.9545
  -90.0000   75.0000    3.9545
  -90.0000   80.0000    3.9545
  -90.0000   85.0000    3.9545
  -90.0000   90.0000    3.9545
  -90.0000   95.0000    3.9545
  -90.0000  100.0000    3.9545
  -90.0000  105.0000    3.9545
  -90.0000  110.0000    3.9545
  -90.0000  115.0000    3.9545
  -90.0000  120.0000    3.9545
  -90.0000  125.0000    3.9545
  -90.0000  130.0000    3.9545
  -90.0000  135.0000    3.9545
  -90.0000  140.0000    3.9545
  -90.0000  145.0000    3.9545
  -90.0000  150.0000    3.9545
  -90.0000  155.0000    3.9545
  -90.0000  160.0000    3.9545
  -90.0000  165.0000    3.9545
  -90.0000  170.0000    3.9545
  -90.0000  175.0000    3.9545
  -90.0000  180.0000    3.9545
  -90.0000  185.0000    3.9545
  -90.0000  190.0000    3.9545
  -90.0000  195.0000    3.9545
  -90.0000  200.0000    3.9545
  -90.0000  205.0000    3.9545
  -90.0000  210.0000    3.9545
  -90.0000  215.0000    3.9545
  -90.0000  220.0000    3.9545
  -90.0000  225.0000    3.9545
  -90.0000  230.0000    3.9545
  -90.0000  235.0000    3.9545
  -90.0000  240.0000    3.9545
  -90.0000  245.0000    3.9545
  -90.0000  250.0000    3.9545
  -90.0000  255.0000    3.9545
  -90.0000  260.0000    3.9545
  -90.0000  265.0000    3.9545
  -90.0000  270.0000    3.9545
  -90.0000  275.0000    3.9545
  -90.0000  280.0000    3.9545
  -90.0000  285.0000    3.9545
  -90.0000  290.0000    3.9545
  -90.0000  295.0000    3.9545
  -90.0000  300.0000    3.9545
  -90.0000  305.0000    3.9545
  -90.0000  310.0000    3.9545
  -90.0000  315.0000    3.9545
  -90.0000  320.0000    3.9545
  -90.0000  325.0000    3.9545
  -90.0000  330.0000    3.9545
  -90.0000  335.0000    3.9545
  -90.0000  340.0000    3.9545
  -90.0000  345.0000    3.9545
  -90.0000  350.0000    3.9545
  -90.0000  355.0000    3.9545
  -90.0000  360.0000    3.9545
  -85.0000    0.0000    4.1874
  -85.0000    5.0000    4.1909
  -85.0000   10.0000    4.1932
  -85.0000   15.0000    4.1906
  -85.0000   20.0000    4.1868
  -85.0000   25.0000    4.1781
  -85.0000   30.0000    4.1685
  -85.0000   35.0000    4.1607
  -85.0000   40.0000    4.1547
  -85.0000   45.0000    4.1459
  -85.0000   50.0000    4.1371
  -85.0000   55.0000    4.1261
  -85.0000   60.0000    4.1148
  -85.0000   65.0000    4.1027
  -85.0000   70.0000    4.0900
  -85.0000   75.0000    4.0769
  -85.0000   80.0000    4.0636
  -85.0000   85.0000    4.0502
  -85.0000   90.0000    4.0368
  -85.0000   95.0000    4.0262
  -85.0000  100.0000    4.0131
  -85.0000  105.0000    3.9996
  -85.0000  110.0000    3.9869
  -85.0000  115.0000    3.9750
  -85.0000  120.0000    3.9639
  -85.0000  125.0000    3.9553
  -85.0000  130.0000    3.9460
  -85.0000  135.0000    3.9383
  -85.0000  140.0000    3.9306
  -85.0000  145.0000    3.9183
  -85.0000  150.0000    3.9059
  -85.0000  155.0000    3.8909
  -85.0000  160.0000    3.8759
  -85.0000  165.0000    3.8657
  -85.0000  170.0000    3.8554
  -85.0000  175.0000    3.8492
  -85.0000  180.0000    3.8383
  -85.0000  185.0000    3.8345
  -85.0000  190.0000    3.8300
  -85.0000  195.0000    3.8294
  -85.0000  200.0000    3.8300
  -85.0000  205.0000    3.8280
  -85.0000  210.0000    3.8243
  -85.0000  215.0000    3.8175
  -85.0000  220.0000    3.8102
  -85.0000  225.0000    3.8122
  -85.0000  230.0000    3.8140
  -85.0000  235.0000    3.8088
  -85.0000  240.0000    3.8058
  -85.0000  245.0000    3.7970
  -85.0000  250.0000    3.7943
  -85.0000  255.0000    3.7948
  -85.0000  260.0000    3.7946
  -85.0000  265.0000    3.7963
  -85.0000  270.0000    3.8046
  -85.0000  275.0000    3.8102
  -85.0000  280.0000    3.8341
  -85.0000  285.0000    3.8440
  -85.0000  290.0000    3.8571
  -85.0000  295.0000    3.8741
  -85.0000  300.0000    3.8921
  -85.0000  305.0000    3.9219
  -85.0000  310.0000    3.9366
  -85.0000  315.0000    3.9821
  -85.0000  320.0000    4.0270
  -85.0000  325.0000    4.0627
  -85.0000  330.0000    4.0974
  -85.0000  335.0000    4.1009
  -85.0000  340.0000    4.1410
  -85.0000  345.0000    4.1559
  -85.0000  350.0000    4.1697
  -85.0000  355.0000    4.1791
  -85.0000  360.0000    4.1874
  -80.0000    0.0000    4.4960
  -80.0000    5.0000    4.5031
  -80.0000   10.0000    4.5085
  -80.0000   15.0000    4.5047
  -80.0000   20.0000    4.4992
  -80.0000   25.0000    4.4843
  -80.0000   30.0000    4.4675
  -80.0000   35.0000    4.4416
  -80.0000   40.0000    4.4135
  -80.0000   45.0000    4.3772
  -80.0000   50.0000    4.3385
  -80.0000   55.0000    4.2960
  -80.0000   60.0000    4.2830
  -80.0000   65.0000    4.2623
  -80.0000   70.0000    4.2405
  -80.0000   75.0000    4.2165
  -80.0000   80.0000    4.1920
  -80.0000   85.0000    4.1656
  -80.0000   90.0000    4.1419
  -80.0000   95.0000    4.1153
  -80.0000  100.0000    4.0858
  -80.0000  105.0000    4.0526
  -80.0000  110.0000    4.0205
  -80.0000  115.0000    3.9917
  -80.0000  120.0000    3.9655
  -80.0000  125.0000    3.9449
  -80.0000  130.0000    3.9271
  -80.0000  135.0000    3.9113
  -80.0000  140.0000    3.8940
  -80.0000  145.0000    3.8734
  -80.0000  150.0000    3.8494
  -80.0000  155.0000    3.8214
  -80.0000  160.0000    3.7912
  -80.0000  165.0000    3.7710
  -80.0000  170.0000    3.7490
  -80.0000  175.0000    3.7327
  -80.0000  180.0000    3.7438
  -80.0000  185.0000    3.7323
  -80.0000  190.0000    3.7229
  -80.0000  195.0000    3.7159
  -80.0000  200.0000    3.7172
  -80.0000  205.0000    3.7177
  -80.0000  210.0000    3.7138
  -80.0000  215.0000    3.7059
  -80.0000  220.0000    3.6999
  -80.0000  225.0000    3.6985
  -80.0000  230.0000    3.6965
  -80.0000  235.0000    3.6984
  -80.0000  240.0000    3.6945
  -80.0000  245.0000    3.6746
  -80.0000  250.0000    3.6765
  -80.0000  255.0000    3.6770
  -80.0000  260.0000    3.6818
  -80.0000  265.0000    3.6947
  -80.0000  270.0000    3.7073
  -80.0000  275.0000    3.7240
  -80.0000  280.0000    3.7627
  -80.0000  285.0000    3.7795
  -80.0000  290.0000    3.8024
  -80.0000  295.0000    3.8329
  -80.0000  300.0000    3.8735
  -80.0000  305.0000    3.9121
  -80.0000  310.0000    3.9882
  -80.0000  315.0000    4.0788
  -80.0000  320.0000    4.1750
  -80.0000  325.0000    4.2582
  -80.0000  330.0000    4.3252
  -80.0000  335.0000    4.3760
  -80.0000  340.0000    4.4102
  -80.0000  345.0000    4.4374
  -80.0000  350.0000    4.4629
  -80.0000  355.0000    4.4803
  -80.0000  360.0000    4.4960
  -75.0000    0.0000    4.8416
  -75.0000    5.0000    4.8364
  -75.0000   10.0000    4.8298
  -75.0000   15.0000    4.8147
  -75.0000   20.0000    4.7973
  -75.0000   25.0000    4.7793
  -75.0000   30.0000    4.7580
  -75.0000   35.0000    4.7179
  -75.0000   40.0000    4.6739
  -75.0000   45.0000    4.6230
  -75.0000   50.0000    4.5679
  -75.0000   55.0000    4.5056
  -75.0000   60.0000    4.4779
  -75.0000   65.0000    4.4546
  -75.0000   70.0000    4.4313
  -75.0000   75.0000    4.4032
  -75.0000   80.0000    4.3713
  -75.0000   85.0000    4.3348
  -75.0000   90.0000    4.2949
  -75.0000   95.0000    4.2516
  -75.0000  100.0000    4.1928
  -75.0000  105.0000    4.1313
  -75.0000  110.0000    4.0720
  -75.0000  115.0000    4.0199
  -75.0000  120.0000    3.9754
  -75.0000  125.0000    3.9207
  -75.0000  130.0000    3.8758
  -75.0000  135.0000    3.8528
  -75.0000  140.0000    3.8417
  -75.0000  145.0000    3.8099
  -75.0000  150.0000    3.7770
  -75.0000  155.0000    3.7622
  -75.0000  160.0000    3.7463
  -75.0000  165.0000    3.7366
  -75.0000  170.0000    3.7230
  -75.0000  175.0000    3.7101
  -75.0000  180.0000    3.7093
  -75.0000  185.0000    3.6907
  -75.0000  190.0000    3.6687
  -75.0000  195.0000    3.6530
  -75.0000  200.0000    3.6516
  -75.0000  205.0000    3.6558
  -75.0000  210.0000    3.6571
  -75.0000  215.0000    3.6522
  -75.0000  220.0000    3.6432
  -75.0000  225.0000    3.6395
  -75.0000  230.0000    3.6351
  -75.0000  235.0000    3.6305
  -75.0000  240.0000    3.6417
  -75.0000  245.0000    3.6494
  -75.0000  250.0000    3.6605
  -75.0000  255.0000    3.6701
  -75.0000  260.0000    3.6814
  -75.0000  265.0000    3.6981
  -75.0000  270.0000    3.7256
  -75.0000  275.0000    3.7450
  -75.0000  280.0000    3.7813
  -75.0000  285.0000    3.8122
  -75.0000  290.0000    3.8539
  -75.0000  295.0000    3.9096
  -75.0000  300.0000    3.9828
  -75.0000  305.0000    4.0794
  -75.0000  310.0000    4.2040
  -75.0000  315.0000    4.3388
  -75.0000  320.0000    4.4758
  -75.0000  325.0000    4.5732
  -75.0000  330.0000    4.6432
  -75.0000  335.0000    4.6973
  -75.0000  340.0000    4.7386
  -75.0000  345.0000    4.7737
  -75.0000  350.0000    4.8001
  -75.0000  355.0000    4.8195
  -75.0000  360.0000    4.8416
  -70.0000    0.0000    5.1512
  -70.0000    5.0000    5.1371
  -70.0000   10.0000    5.1213
  -70.0000   15.0000    5.0939
  -70.0000   20.0000    5.0628
  -70.0000   25.0000    5.0385
  -70.0000   30.0000    5.0091
  -70.0000   35.0000    4.9530
  -70.0000   40.0000    4.8907
  -70.0000   45.0000    4.8222
  -70.0000   50.0000    4.7471
  -70.0000   55.0000    4.7118
  -70.0000   60.0000    4.6955
  -70.0000   65.0000    4.6730
  -70.0000   70.0000    4.6506
  -70.0000   75.0000    4.6218
  -70.0000   80.0000    4.5872
  -70.0000   85.0000    4.5465
  -70.0000   90.0000    4.4990
  -70.0000   95.0000    4.4306
  -70.0000  100.0000    4.3507
  -70.0000  105.0000    4.2596
  -70.0000  110.0000    4.1753
  -70.0000  115.0000    4.1019
  -70.0000  120.0000    4.0406
  -70.0000  125.0000    3.9681
  -70.0000  130.0000    3.9108
  -70.0000  135.0000    3.8824
  -70.0000  140.0000    3.8691
  -70.0000  145.0000    3.8738
  -70.0000  150.0000    3.8569
  -70.0000  155.0000    3.8335
  -70.0000  160.0000    3.8109
  -70.0000  165.0000    3.7928
  -70.0000  170.0000    3.7732
  -70.0000  175.0000    3.7550
  -70.0000  180.0000    3.7432
  -70.0000  185.0000    3.7181
  -70.0000  190.0000    3.6863
  -70.0000  195.0000    3.6605
  -70.0000  200.0000    3.6460
  -70.0000  205.0000    3.6466
  -70.0000  210.0000    3.6453
  -70.0000  215.0000    3.6398
  -70.0000  220.0000    3.6328
  -70.0000  225.0000    3.6222
  -70.0000  230.0000    3.6073
  -70.0000  235.0000    3.6086
  -70.0000  240.0000    3.6263
  -70.0000  245.0000    3.6595
  -70.0000  250.0000    3.6850
  -70.0000  255.0000    3.7049
  -70.0000  260.0000    3.7229
  -70.0000  265.0000    3.7490
  -70.0000  270.0000    3.7801
  -70.0000  275.0000    3.8155
  -70.0000  280.0000    3.8700
  -70.0000  285.0000    3.9389
  -70.0000  290.0000    4.0267
  -70.0000  295.0000    4.1332
  -70.0000  300.0000    4.2508
  -70.0000  305.0000    4.3948
  -70.0000  310.0000    4.5345
  -70.0000  315.0000    4.7030
  -70.0000  320.0000    4.8319
  -70.0000  325.0000    4.9310
  -70.0000  330.0000    5.0022
  -70.0000  335.0000    5.0338
  -70.0000  340.0000    5.0832
  -70.0000  345.0000    5.1215
  -70.0000  350.0000    5.1477
  -70.0000  355.0000    5.1715
  -70.0000  360.0000    5.1512
  -65.0000    0.0000    5.6082
  -65.0000    5.0000    5.5927
  -65.0000   10.0000    5.5738
  -65.0000   15.0000    5.5074
  -65.0000   20.0000    5.4304
  -65.0000   25.0000    5.3686
  -65.0000   30.0000    5.3079
  -65.0000   35.0000    5.2173
  -65.0000   40.0000    5.1212
  -65.0000   45.0000    5.0658
  -65.0000   50.0000    5.0181
  -65.0000   55.0000    4.9804
  -65.0000   60.0000    4.9428
  -65.0000   65.0000    4.9238
  -65.0000   70.0000    4.9047
  -65.0000   75.0000    4.8734
  -65.0000   80.0000    4.8472
  -65.0000   85.0000    4.8104
  -65.0000   90.0000    4.7666
  -65.0000   95.0000    4.6766
  -65.0000  100.0000    4.5710
  -65.0000  105.0000    4.4524
  -65.0000  110.0000    4.3405
  -65.0000  115.0000    4.2478
  -65.0000  120.0000    4.1702
  -65.0000  125.0000    4.1257
  -65.0000  130.0000    4.0715
  -65.0000  135.0000    4.0413
  -65.0000  140.0000    4.0199
  -65.0000  145.0000    4.0577
  -65.0000  150.0000    4.0243
  -65.0000  155.0000    3.9919
  -65.0000  160.0000    3.9570
  -65.0000  165.0000    3.9108
  -65.0000  170.0000    3.8689
  -65.0000  175.0000    3.8430
  -65.0000  180.0000    3.8217
  -65.0000  185.0000    3.7995
  -65.0000  190.0000    3.7709
  -65.0000  195.0000    3.7260
  -65.0000  200.0000    3.6916
  -65.0000  205.0000    3.6823
  -65.0000  210.0000    3.6677
  -65.0000  215.0000    3.6484
  -65.0000  220.0000    3.6330
  -65.0000  225.0000    3.6199
  -65.0000  230.0000    3.5822
  -65.0000  235.0000    3.5886
  -65.0000  240.0000    3.6144
  -65.0000  245.0000    3.6566
  -65.0000  250.0000    3.7072
  -65.0000  255.0000    3.7418
  -65.0000  260.0000    3.7634
  -65.0000  265.0000    3.7915
  -65.0000  270.0000    3.8372
  -65.0000  275.0000    3.8832
  -65.0000  280.0000    3.9812
  -65.0000  285.0000    4.1150
  -65.0000  290.0000    4.2789
  -65.0000  295.0000    4.4650
  -65.0000  300.0000    4.6234
  -65.0000  305.0000    4.7489
  -65.0000  310.0000    4.9016
  -65.0000  315.0000    5.0625
  -65.0000  320.0000    5.2066
  -65.0000  325.0000    5.3219
  -65.0000  330.0000    5.4055
  -65.0000  335.0000    5.4608
  -65.0000  340.0000    5.5049
  -65.0000  345.0000    5.5362
  -65.0000  350.0000    5.5585
  -65.0000  355.0000    5.5790
  -65.0000  360.0000    5.6082
  -60.0000    0.0000    5.9651
  -60.0000    5.0000    5.9413
  -60.0000   10.0000    5.9088
  -60.0000   15.0000    5.8065
  -60.0000   20.0000    5.6947
  -60.0000   25.0000    5.6192
  -60.0000   30.0000    5.5706
  -60.0000   35.0000    5.4905
  -60.0000   40.0000    5.4163
  -60.0000   45.0000    5.3534
  -60.0000   50.0000    5.2904
  -60.0000   55.0000    5.2490
  -60.0000   60.0000    5.2076
  -60.0000   65.0000    5.1875
  -60.0000   70.0000    5.1674
  -60.0000   75.0000    5.1433
  -60.0000   80.0000    5.1297
  -60.0000   85.0000    5.1133
  -60.0000   90.0000    5.0764
  -60.0000   95.0000    4.9602
  -60.0000  100.0000    4.8507
  -60.0000  105.0000    4.7521
  -60.0000  110.0000    4.6347
  -60.0000  115.0000    4.5305
  -60.0000  120.0000    4.4338
  -60.0000  125.0000    4.3797
  -60.0000  130.0000    4.3192
  -60.0000  135.0000    4.2854
  -60.0000  140.0000    4.2679
  -60.0000  145.0000    4.2439
  -60.0000  150.0000    4.2586
  -60.0000  155.0000    4.2253
  -60.0000  160.0000    4.1929
  -60.0000  165.0000    4.1391
  -60.0000  170.0000    4.0749
  -60.0000  175.0000    4.0653
  -60.0000  180.0000    4.0343
  -60.0000  185.0000    3.9992
  -60.0000  190.0000    3.9547
  -60.0000  195.0000    3.9281
  -60.0000  200.0000    3.8758
  -60.0000  205.0000    3.8274
  -60.0000  210.0000    3.7734
  -60.0000  215.0000    3.7222
  -60.0000  220.0000    3.6812
  -60.0000  225.0000    3.6613
  -60.0000  230.0000    3.6454
  -60.0000  235.0000    3.6442
  -60.0000  240.0000    3.6574
  -60.0000  245.0000    3.6871
  -60.0000  250.0000    3.7288
  -60.0000  255.0000    3.7663
  -60.0000  260.0000    3.7964
  -60.0000  265.0000    3.8291
  -60.0000  270.0000    3.8921
  -60.0000  275.0000    3.9587
  -60.0000  280.0000    4.1339
  -60.0000  285.0000    4.3561
  -60.0000  290.0000    4.5584
  -60.0000  295.0000    4.7639
  -60.0000  300.0000    4.9093
  -60.0000  305.0000    5.0988
  -60.0000  310.0000    5.2748
  -60.0000  315.0000    5.4563
  -60.0000  320.0000    5.6287
  -60.0000  325.0000    5.7516
  -60.0000  330.0000    5.8400
  -60.0000  335.0000    5.9010
  -60.0000  340.0000    5.9449
  -60.0000  345.0000    5.9737
  -60.0000  350.0000    5.9871
  -60.0000  355.0000    5.9799
  -60.0000  360.0000    5.9651
  -55.0000    0.0000    6.3201
  -55.0000    5.0000    6.2496
  -55.0000   10.0000    6.1623
  -55.0000   15.0000    6.0492
  -55.0000   20.0000    5.9310
  -55.0000   25.0000    5.8316
  -55.0000   30.0000    5.7431
  -55.0000   35.0000    5.6502
  -55.0000   40.0000    5.5578
  -55.0000   45.0000    5.4982
  -55.0000   50.0000    5.4385
  -55.0000   55.0000    5.3776
  -55.0000   60.0000    5.3167
  -55.0000   65.0000    5.3166
  -55.0000   70.0000    5.3166
  -55.0000   75.0000    5.3207
  -55.0000   80.0000    5.3183
  -55.0000   85.0000    5.3264
  -55.0000   90.0000    5.3298
  -55.0000   95.0000    5.2379
  -55.0000  100.0000    5.1425
  -55.0000  105.0000    5.0956
  -55.0000  110.0000    5.0107
  -55.0000  115.0000    4.9299
  -55.0000  120.0000    4.8236
  -55.0000  125.0000    4.7645
  -55.0000  130.0000    4.7184
  -55.0000  135.0000    4.6693
  -55.0000  140.0000    4.6246
  -55.0000  145.0000    4.5629
  -55.0000  150.0000    4.4905
  -55.0000  155.0000    4.4767
  -55.0000  160.0000    4.4679
  -55.0000  165.0000    4.4334
  -55.0000  170.0000    4.3880
  -55.0000  175.0000    4.3678
  -55.0000  180.0000    4.3421
  -55.0000  185.0000    4.3023
  -55.0000  190.0000    4.2470
  -55.0000  195.0000    4.2092
  -55.0000  200.0000    4.1348
  -55.0000  205.0000    4.0472
  -55.0000  210.0000    3.9542
  -55.0000  215.0000    3.8634
  -55.0000  220.0000    3.7960
  -55.0000  225.0000    3.7540
  -55.0000  230.0000    3.7301
  -55.0000  235.0000    3.7152
  -55.0000  240.0000    3.7118
  -55.0000  245.0000    3.7286
  -55.0000  250.0000    3.7614
  -55.0000  255.0000    3.7993
  -55.0000  260.0000    3.8373
  -55.0000  265.0000    3.8643
  -55.0000  270.0000    3.9323
  -55.0000  275.0000    4.0078
  -55.0000  280.0000    4.2300
  -55.0000  285.0000    4.5012
  -55.0000  290.0000    4.7849
  -55.0000  295.0000    5.0632
  -55.0000  300.0000    5.2775
  -55.0000  305.0000    5.4822
  -55.0000  310.0000    5.6986
  -55.0000  315.0000    5.9181
  -55.0000  320.0000    6.0938
  -55.0000  325.0000    6.2099
  -55.0000  330.0000    6.2856
  -55.0000  335.0000    6.3490
  -55.0000  340.0000    6.3969
  -55.0000  345.0000    6.4271
  -55.0000  350.0000    6.4056
  -55.0000  355.0000    6.3663
  -55.0000  360.0000    6.3201
  -50.0000    0.0000    6.5928
  -50.0000    5.0000    6.4838
  -50.0000   10.0000    6.3664
  -50.0000   15.0000    6.2298
  -50.0000   20.0000    6.0967
  -50.0000   25.0000    5.9887
  -50.0000   30.0000    5.8800
  -50.0000   35.0000    5.8098
  -50.0000   40.0000    5.6994
  -50.0000   45.0000    5.6470
  -50.0000   50.0000    5.5946
  -50.0000   55.0000    5.5182
  -50.0000   60.0000    5.4418
  -50.0000   65.0000    5.4657
  -50.0000   70.0000    5.4817
  -50.0000   75.0000    5.4996
  -50.0000   80.0000    5.4785
  -50.0000   85.0000    5.4878
  -50.0000   90.0000    5.5557
  -50.0000   95.0000    5.5569
  -50.0000  100.0000    5.5065
  -50.0000  105.0000    5.4629
  -50.0000  110.0000    5.4041
  -50.0000  115.0000    5.3477
  -50.0000  120.0000    5.2771
  -50.0000  125.0000    5.2256
  -50.0000  130.0000    5.2040
  -50.0000  135.0000    5.1331
  -50.0000  140.0000    5.0318
  -50.0000  145.0000    4.9345
  -50.0000  150.0000    4.8544
  -50.0000  155.0000    4.8037
  -50.0000  160.0000    4.7601
  -50.0000  165.0000    4.7346
  -50.0000  170.0000    4.7182
  -50.0000  175.0000    4.7529
  -50.0000  180.0000    4.7571
  -50.0000  185.0000    4.7212
  -50.0000  190.0000    4.6705
  -50.0000  195.0000    4.6048
  -50.0000  200.0000    4.4904
  -50.0000  205.0000    4.3591
  -50.0000  210.0000    4.2198
  -50.0000  215.0000    4.0906
  -50.0000  220.0000    3.9832
  -50.0000  225.0000    3.9085
  -50.0000  230.0000    3.8554
  -50.0000  235.0000    3.8144
  -50.0000  240.0000    3.7905
  -50.0000  245.0000    3.7878
  -50.0000  250.0000    3.8054
  -50.0000  255.0000    3.8291
  -50.0000  260.0000    3.8462
  -50.0000  265.0000    3.8756
  -50.0000  270.0000    3.9544
  -50.0000  275.0000    4.0661
  -50.0000  280.0000    4.3139
  -50.0000  285.0000    4.6442
  -50.0000  290.0000    5.0013
  -50.0000  295.0000    5.3364
  -50.0000  300.0000    5.6073
  -50.0000  305.0000    5.8552
  -50.0000  310.0000    6.0963
  -50.0000  315.0000    6.3205
  -50.0000  320.0000    6.4944
  -50.0000  325.0000    6.6039
  -50.0000  330.0000    6.6838
  -50.0000  335.0000    6.7396
  -50.0000  340.0000    6.7899
  -50.0000  345.0000    6.8221
  -50.0000  350.0000    6.7494
  -50.0000  355.0000    6.6960
  -50.0000  360.0000    6.5928
  -45.0000    0.0000    6.7492
  -45.0000    5.0000    6.5933
  -45.0000   10.0000    6.4498
  -45.0000   15.0000    6.3028
  -45.0000   20.0000    6.1655
  -45.0000   25.0000    6.0414
  -45.0000   30.0000    5.9248
  -45.0000   35.0000    5.8108
  -45.0000   40.0000    5.7046
  -45.0000   45.0000    5.6811
  -45.0000   50.0000    5.6577
  -45.0000   55.0000    5.6166
  -45.0000   60.0000    5.5754
  -45.0000   65.0000    5.5791
  -45.0000   70.0000    5.5669
  -45.0000   75.0000    5.5760
  -45.0000   80.0000    5.5579
  -45.0000   85.0000    5.5391
  -45.0000   90.0000    5.5545
  -45.0000   95.0000    5.5470
  -45.0000  100.0000    5.5520
  -45.0000  105.0000    5.5720
  -45.0000  110.0000    5.5858
  -45.0000  115.0000    5.5663
  -45.0000  120.0000    5.5380
  -45.0000  125.0000    5.5515
  -45.0000  130.0000    5.5647
  -45.0000  135.0000    5.5188
  -45.0000  140.0000    5.4343
  -45.0000  145.0000    5.3488
  -45.0000  150.0000    5.2809
  -45.0000  155.0000    5.2105
  -45.0000  160.0000    5.1897
  -45.0000  165.0000    5.2023
  -45.0000  170.0000    5.1740
  -45.0000  175.0000    5.2407
  -45.0000  180.0000    5.2595
  -45.0000  185.0000    5.2437
  -45.0000  190.0000    5.1862
  -45.0000  195.0000    5.1012
  -45.0000  200.0000    4.9361
  -45.0000  205.0000    4.7403
  -45.0000  210.0000    4.5462
  -45.0000  215.0000    4.3720
  -45.0000  220.0000    4.2258
  -45.0000  225.0000    4.1072
  -45.0000  230.0000    4.0147
  -45.0000  235.0000    3.9461
  -45.0000  240.0000    3.8987
  -45.0000  245.0000    3.8733
  -45.0000  250.0000    3.8689
  -45.0000  255.0000    3.8756
  -45.0000  260.0000    3.8757
  -45.0000  265.0000    3.9193
  -45.0000  270.0000    4.0205
  -45.0000  275.0000    4.1842
  -45.0000  280.0000    4.4355
  -45.0000  285.0000    4.8174
  -45.0000  290.0000    5.2129
  -45.0000  295.0000    5.5991
  -45.0000  300.0000    5.8972
  -45.0000  305.0000    6.1432
  -45.0000  310.0000    6.3516
  -45.0000  315.0000    6.5373
  -45.0000  320.0000    6.6839
  -45.0000  325.0000    6.8161
  -45.0000  330.0000    6.9190
  -45.0000  335.0000    6.9925
  -45.0000  340.0000    7.0280
  -45.0000  345.0000    7.0265
  -45.0000  350.0000    6.9548
  -45.0000  355.0000    6.8645
  -45.0000  360.0000    6.7492
  -40.0000    0.0000    6.8111
  -40.0000    5.0000    6.6552
  -40.0000   10.0000    6.4995
  -40.0000   15.0000    6.3503
  -40.0000   20.0000    6.2024
  -40.0000   25.0000    6.0731
  -40.0000   30.0000    5.9508
  -40.0000   35.0000    5.8119
  -40.0000   40.0000    5.7100
  -40.0000   45.0000    5.7073
  -40.0000   50.0000    5.7047
  -40.0000   55.0000    5.6910
  -40.0000   60.0000    5.6771
  -40.0000   65.0000    5.6526
  -40.0000   70.0000    5.6200
  -40.0000   75.0000    5.6336
  -40.0000   80.0000    5.6393
  -40.0000   85.0000    5.6168
  -40.0000   90.0000    5.6160
  -40.0000   95.0000    5.6046
  -40.0000  100.0000    5.6040
  -40.0000  105.0000    5.6563
  -40.0000  110.0000    5.6870
  -40.0000  115.0000    5.6997
  -40.0000  120.0000    5.7235
  -40.0000  125.0000    5.7935
  -40.0000  130.0000    5.8531
  -40.0000  135.0000    5.8684
  -40.0000  140.0000    5.8254
  -40.0000  145.0000    5.7867
  -40.0000  150.0000    5.7546
  -40.0000  155.0000    5.7078
  -40.0000  160.0000    5.7310
  -40.0000  165.0000    5.7964
  -40.0000  170.0000    5.7790
  -40.0000  175.0000    5.8858
  -40.0000  180.0000    5.9325
  -40.0000  185.0000    5.9275
  -40.0000  190.0000    5.8733
  -40.0000  195.0000    5.7359
  -40.0000  200.0000    5.4795
  -40.0000  205.0000    5.1904
  -40.0000  210.0000    4.9215
  -40.0000  215.0000    4.6935
  -40.0000  220.0000    4.4984
  -40.0000  225.0000    4.3339
  -40.0000  230.0000    4.2020
  -40.0000  235.0000    4.1059
  -40.0000  240.0000    4.0408
  -40.0000  245.0000    3.9962
  -40.0000  250.0000    3.9686
  -40.0000  255.0000    3.9554
  -40.0000  260.0000    3.9339
  -40.0000  265.0000    3.9927
  -40.0000  270.0000    4.1230
  -40.0000  275.0000    4.3362
  -40.0000  280.0000    4.6171
  -40.0000  285.0000    4.9999
  -40.0000  290.0000    5.4127
  -40.0000  295.0000    5.8287
  -40.0000  300.0000    6.1750
  -40.0000  305.0000    6.3345
  -40.0000  310.0000    6.5042
  -40.0000  315.0000    6.6290
  -40.0000  320.0000    6.7695
  -40.0000  325.0000    6.9105
  -40.0000  330.0000    7.0537
  -40.0000  335.0000    7.1424
  -40.0000  340.0000    7.1602
  -40.0000  345.0000    7.1369
  -40.0000  350.0000    7.0491
  -40.0000  355.0000    6.9571
  -40.0000  360.0000    6.8111
  -35.0000    0.0000    6.8575
  -35.0000    5.0000    6.7035
  -35.0000   10.0000    6.5490
  -35.0000   15.0000    6.3975
  -35.0000   20.0000    6.2525
  -35.0000   25.0000    6.1299
  -35.0000   30.0000    6.0230
  -35.0000   35.0000    5.9236
  -35.0000   40.0000    5.8351
  -35.0000   45.0000    5.8263
  -35.0000   50.0000    5.8176
  -35.0000   55.0000    5.7902
  -35.0000   60.0000    5.7628
  -35.0000   65.0000    5.7584
  -35.0000   70.0000    5.7541
  -35.0000   75.0000    5.7680
  -35.0000   80.0000    5.7819
  -35.0000   85.0000    5.7513
  -35.0000   90.0000    5.7231
  -35.0000   95.0000    5.7089
  -35.0000  100.0000    5.7184
  -35.0000  105.0000    5.7494
  -35.0000  110.0000    5.8000
  -35.0000  115.0000    5.8346
  -35.0000  120.0000    5.8959
  -35.0000  125.0000    5.9974
  -35.0000  130.0000    6.1094
  -35.0000  135.0000    6.1560
  -35.0000  140.0000    6.1998
  -35.0000  145.0000    6.2295
  -35.0000  150.0000    6.2438
  -35.0000  155.0000    6.3174
  -35.0000  160.0000    6.3967
  -35.0000  165.0000    6.5116
  -35.0000  170.0000    6.6088
  -35.0000  175.0000    6.7277
  -35.0000  180.0000    6.7355
  -35.0000  185.0000    6.7099
  -35.0000  190.0000    6.6432
  -35.0000  195.0000    6.4462
  -35.0000  200.0000    6.1323
  -35.0000  205.0000    5.7649
  -35.0000  210.0000    5.4272
  -35.0000  215.0000    5.1047
  -35.0000  220.0000    4.8477
  -35.0000  225.0000    4.6282
  -35.0000  230.0000    4.4357
  -35.0000  235.0000    4.3127
  -35.0000  240.0000    4.2323
  -35.0000  245.0000    4.1627
  -35.0000  250.0000    4.1196
  -35.0000  255.0000    4.0902
  -35.0000  260.0000    4.0547
  -35.0000  265.0000    4.1151
  -35.0000  270.0000    4.2602
  -35.0000  275.0000    4.5099
  -35.0000  280.0000    4.8311
  -35.0000  285.0000    5.2257
  -35.0000  290.0000    5.6038
  -35.0000  295.0000    5.9644
  -35.0000  300.0000    6.2163
  -35.0000  305.0000    6.4176
  -35.0000  310.0000    6.5542
  -35.0000  315.0000    6.6676
  -35.0000  320.0000    6.7885
  -35.0000  325.0000    6.9359
  -35.0000  330.0000    7.0829
  -35.0000  335.0000    7.1694
  -35.0000  340.0000    7.1862
  -35.0000  345.0000    7.1541
  -35.0000  350.0000    7.0838
  -35.0000  355.0000    6.9827
  -35.0000  360.0000    6.8575
  -30.0000    0.0000    6.9006
  -30.0000    5.0000    6.7585
  -30.0000   10.0000    6.6103
  -30.0000   15.0000    6.4566
  -30.0000   20.0000    6.3173
  -30.0000   25.0000    6.2179
  -30.0000   30.0000    6.1311
  -30.0000   35.0000    6.0354
  -30.0000   40.0000    5.9601
  -30.0000   45.0000    5.9492
  -30.0000   50.0000    5.9351
  -30.0000   55.0000    5.8947
  -30.0000   60.0000    5.8544
  -30.0000   65.0000    5.8157
  -30.0000   70.0000    5.8195
  -30.0000   75.0000    5.8515
  -30.0000   80.0000    5.9213
  -30.0000   85.0000    5.8767
  -30.0000   90.0000    5.8568
  -30.0000   95.0000    5.8432
  -30.0000  100.0000    5.8543
  -30.0000  105.0000    5.8899
  -30.0000  110.0000    5.9368
  -30.0000  115.0000    5.9949
  -30.0000  120.0000    6.0711
  -30.0000  125.0000    6.1755
  -30.0000  130.0000    6.2798
  -30.0000  135.0000    6.3824
  -30.0000  140.0000    6.4671
  -30.0000  145.0000    6.5471
  -30.0000  150.0000    6.6228
  -30.0000  155.0000    6.7408
  -30.0000  160.0000    6.8627
  -30.0000  165.0000    7.0312
  -30.0000  170.0000    7.1570
  -30.0000  175.0000    7.3295
  -30.0000  180.0000    7.3894
  -30.0000  185.0000    7.4092
  -30.0000  190.0000    7.3593
  -30.0000  195.0000    7.1525
  -30.0000  200.0000    6.7962
  -30.0000  205.0000    6.3678
  -30.0000  210.0000    5.9284
  -30.0000  215.0000    5.5651
  -30.0000  220.0000    5.2167
  -30.0000  225.0000    4.9421
  -30.0000  230.0000    4.6926
  -30.0000  235.0000    4.5355
  -30.0000  240.0000    4.4425
  -30.0000  245.0000    4.3715
  -30.0000  250.0000    4.3331
  -30.0000  255.0000    4.2914
  -30.0000  260.0000    4.2790
  -30.0000  265.0000    4.3342
  -30.0000  270.0000    4.4977
  -30.0000  275.0000    4.7641
  -30.0000  280.0000    5.1027
  -30.0000  285.0000    5.4597
  -30.0000  290.0000    5.7849
  -30.0000  295.0000    6.0572
  -30.0000  300.0000    6.2612
  -30.0000  305.0000    6.4152
  -30.0000  310.0000    6.5402
  -30.0000  315.0000    6.6601
  -30.0000  320.0000    6.7919
  -30.0000  325.0000    6.9278
  -30.0000  330.0000    7.0596
  -30.0000  335.0000    7.1709
  -30.0000  340.0000    7.1691
  -30.0000  345.0000    7.1346
  -30.0000  350.0000    7.0897
  -30.0000  355.0000    7.0106
  -30.0000  360.0000    6.9006
  -25.0000    0.0000    6.9627
  -25.0000    5.0000    6.8437
  -25.0000   10.0000    6.6953
  -25.0000   15.0000    6.5440
  -25.0000   20.0000    6.4188
  -25.0000   25.0000    6.3377
  -25.0000   30.0000    6.2771
  -25.0000   35.0000    6.2132
  -25.0000   40.0000    6.1475
  -25.0000   45.0000    6.1267
  -25.0000   50.0000    6.0993
  -25.0000   55.0000    6.0741
  -25.0000   60.0000    6.0387
  -25.0000   65.0000    5.9729
  -25.0000   70.0000    5.9804
  -25.0000   75.0000    5.9906
  -25.0000   80.0000    6.0605
  -25.0000   85.0000    6.0354
  -25.0000   90.0000    6.0039
  -25.0000   95.0000    5.9946
  -25.0000  100.0000    6.0009
  -25.0000  105.0000    6.0256
  -25.0000  110.0000    6.0648
  -25.0000  115.0000    6.1132
  -25.0000  120.0000    6.1817
  -25.0000  125.0000    6.2679
  -25.0000  130.0000    6.3669
  -25.0000  135.0000    6.4627
  -25.0000  140.0000    6.5755
  -25.0000  145.0000    6.6839
  -25.0000  150.0000    6.7970
  -25.0000  155.0000    6.9580
  -25.0000  160.0000    7.1127
  -25.0000  165.0000    7.2913
  -25.0000  170.0000    7.5159
  -25.0000  175.0000    7.6884
  -25.0000  180.0000    7.8831
  -25.0000  185.0000    7.9879
  -25.0000  190.0000    8.0149
  -25.0000  195.0000    7.8157
  -25.0000  200.0000    7.4491
  -25.0000  205.0000    6.9535
  -25.0000  210.0000    6.4651
  -25.0000  215.0000    6.0110
  -25.0000  220.0000    5.6295
  -25.0000  225.0000    5.2861
  -25.0000  230.0000    4.9812
  -25.0000  235.0000    4.7916
  -25.0000  240.0000    4.6848
  -25.0000  245.0000    4.6071
  -25.0000  250.0000    4.5812
  -25.0000  255.0000    4.5500
  -25.0000  260.0000    4.5326
  -25.0000  265.0000    4.5975
  -25.0000  270.0000    4.7725
  -25.0000  275.0000    5.0610
  -25.0000  280.0000    5.3585
  -25.0000  285.0000    5.6568
  -25.0000  290.0000    5.9327
  -25.0000  295.0000    6.0959
  -25.0000  300.0000    6.2270
  -25.0000  305.0000    6.3339
  -25.0000  310.0000    6.4373
  -25.0000  315.0000    6.5765
  -25.0000  320.0000    6.7337
  -25.0000  325.0000    6.8831
  -25.0000  330.0000    7.0122
  -25.0000  335.0000    7.1530
  -25.0000  340.0000    7.1365
  -25.0000  345.0000    7.1090
  -25.0000  350.0000    7.1021
  -25.0000  355.0000    7.0480
  -25.0000  360.0000    6.9627
  -20.0000    0.0000    7.0463
  -20.0000    5.0000    6.9405
  -20.0000   10.0000    6.7799
  -20.0000   15.0000    6.6432
  -20.0000   20.0000    6.5065
  -20.0000   25.0000    6.4732
  -20.0000   30.0000    6.4471
  -20.0000   35.0000    6.3909
  -20.0000   40.0000    6.3348
  -20.0000   45.0000    6.3042
  -20.0000   50.0000    6.2636
  -20.0000   55.0000    6.2535
  -20.0000   60.0000    6.2434
  -20.0000   65.0000    6.1840
  -20.0000   70.0000    6.1733
  -20.0000   75.0000    6.1814
  -20.0000   80.0000    6.2200
  -20.0000   85.0000    6.1939
  -20.0000   90.0000    6.1578
  -20.0000   95.0000    6.1533
  -20.0000  100.0000    6.1470
  -20.0000  105.0000    6.1600
  -20.0000  110.0000    6.1750
  -20.0000  115.0000    6.2162
  -20.0000  120.0000    6.2579
  -20.0000  125.0000    6.3199
  -20.0000  130.0000    6.3819
  -20.0000  135.0000    6.4709
  -20.0000  140.0000    6.5665
  -20.0000  145.0000    6.6898
  -20.0000  150.0000    6.8479
  -20.0000  155.0000    7.0087
  -20.0000  160.0000    7.1968
  -20.0000  165.0000    7.4035
  -20.0000  170.0000    7.6066
  -20.0000  175.0000    7.9721
  -20.0000  180.0000    8.1844
  -20.0000  185.0000    8.3588
  -20.0000  190.0000    8.4280
  -20.0000  195.0000    8.2257
  -20.0000  200.0000    7.8707
  -20.0000  205.0000    7.3843
  -20.0000  210.0000    6.8853
  -20.0000  215.0000    6.4417
  -20.0000  220.0000    6.0385
  -20.0000  225.0000    5.6683
  -20.0000  230.0000    5.3551
  -20.0000  235.0000    5.0994
  -20.0000  240.0000    4.9804
  -20.0000  245.0000    4.8793
  -20.0000  250.0000    4.9033
  -20.0000  255.0000    4.8945
  -20.0000  260.0000    4.9011
  -20.0000  265.0000    4.9600
  -20.0000  270.0000    5.1045
  -20.0000  275.0000    5.3349
  -20.0000  280.0000    5.5819
  -20.0000  285.0000    5.7986
  -20.0000  290.0000    5.9959
  -20.0000  295.0000    6.0836
  -20.0000  300.0000    6.1300
  -20.0000  305.0000    6.1941
  -20.0000  310.0000    6.2942
  -20.0000  315.0000    6.4465
  -20.0000  320.0000    6.6384
  -20.0000  325.0000    6.8051
  -20.0000  330.0000    6.9342
  -20.0000  335.0000    7.0182
  -20.0000  340.0000    7.0413
  -20.0000  345.0000    7.0709
  -20.0000  350.0000    7.1351
  -20.0000  355.0000    7.0941
  -20.0000  360.0000    7.0463
  -15.0000    0.0000    7.1604
  -15.0000    5.0000    7.0383
  -15.0000   10.0000    6.8775
  -15.0000   15.0000    6.7783
  -15.0000   20.0000    6.6657
  -15.0000   25.0000    6.6585
  -15.0000   30.0000    6.6614
  -15.0000   35.0000    6.6006
  -15.0000   40.0000    6.5400
  -15.0000   45.0000    6.4825
  -15.0000   50.0000    6.4183
  -15.0000   55.0000    6.4035
  -15.0000   60.0000    6.3886
  -15.0000   65.0000    6.3784
  -15.0000   70.0000    6.3815
  -15.0000   75.0000    6.3529
  -15.0000   80.0000    6.3469
  -15.0000   85.0000    6.3242
  -15.0000   90.0000    6.2984
  -15.0000   95.0000    6.2857
  -15.0000  100.0000    6.2784
  -15.0000  105.0000    6.2705
  -15.0000  110.0000    6.2702
  -15.0000  115.0000    6.2860
  -15.0000  120.0000    6.3150
  -15.0000  125.0000    6.3580
  -15.0000  130.0000    6.4085
  -15.0000  135.0000    6.4751
  -15.0000  140.0000    6.5579
  -15.0000  145.0000    6.6823
  -15.0000  150.0000    6.8365
  -15.0000  155.0000    7.0129
  -15.0000  160.0000    7.2030
  -15.0000  165.0000    7.4288
  -15.0000  170.0000    7.7005
  -15.0000  175.0000    8.0819
  -15.0000  180.0000    8.3822
  -15.0000  185.0000    8.6121
  -15.0000  190.0000    8.7068
  -15.0000  195.0000    8.5008
  -15.0000  200.0000    8.1142
  -15.0000  205.0000    7.6437
  -15.0000  210.0000    7.1593
  -15.0000  215.0000    6.7744
  -15.0000  220.0000    6.3950
  -15.0000  225.0000    6.0342
  -15.0000  230.0000    5.7269
  -15.0000  235.0000    5.4795
  -15.0000  240.0000    5.3664
  -15.0000  245.0000    5.3350
  -15.0000  250.0000    5.3263
  -15.0000  255.0000    5.3303
  -15.0000  260.0000    5.3325
  -15.0000  265.0000    5.3593
  -15.0000  270.0000    5.4378
  -15.0000  275.0000    5.5640
  -15.0000  280.0000    5.6983
  -15.0000  285.0000    5.8235
  -15.0000  290.0000    5.9509
  -15.0000  295.0000    5.9691
  -15.0000  300.0000    6.0188
  -15.0000  305.0000    6.0857
  -15.0000  310.0000    6.1777
  -15.0000  315.0000    6.3432
  -15.0000  320.0000    6.5501
  -15.0000  325.0000    6.7374
  -15.0000  330.0000    6.8671
  -15.0000  335.0000    6.9550
  -15.0000  340.0000    6.9886
  -15.0000  345.0000    7.0548
  -15.0000  350.0000    7.1754
  -15.0000  355.0000    7.1689
  -15.0000  360.0000    7.1604
  -10.0000    0.0000    7.2844
  -10.0000    5.0000    7.1372
  -10.0000   10.0000    6.9780
  -10.0000   15.0000    6.8986
  -10.0000   20.0000    6.8192
  -10.0000   25.0000    6.8439
  -10.0000   30.0000    6.8757
  -10.0000   35.0000    6.8104
  -10.0000   40.0000    6.7451
  -10.0000   45.0000    6.6608
  -10.0000   50.0000    6.5732
  -10.0000   55.0000    6.5535
  -10.0000   60.0000    6.5339
  -10.0000   65.0000    6.5219
  -10.0000   70.0000    6.5164
  -10.0000   75.0000    6.4789
  -10.0000   80.0000    6.4616
  -10.0000   85.0000    6.4473
  -10.0000   90.0000    6.4352
  -10.0000   95.0000    6.4326
  -10.0000  100.0000    6.4256
  -10.0000  105.0000    6.4066
  -10.0000  110.0000    6.3859
  -10.0000  115.0000    6.3921
  -10.0000  120.0000    6.3978
  -10.0000  125.0000    6.4192
  -10.0000  130.0000    6.4595
  -10.0000  135.0000    6.5097
  -10.0000  140.0000    6.5959
  -10.0000  145.0000    6.7121
  -10.0000  150.0000    6.8640
  -10.0000  155.0000    7.0381
  -10.0000  160.0000    7.2374
  -10.0000  165.0000    7.4743
  -10.0000  170.0000    7.7529
  -10.0000  175.0000    8.1369
  -10.0000  180.0000    8.4068
  -10.0000  185.0000    8.6057
  -10.0000  190.0000    8.6814
  -10.0000  195.0000    8.4342
  -10.0000  200.0000    8.0545
  -10.0000  205.0000    7.6351
  -10.0000  210.0000    7.2422
  -10.0000  215.0000    6.9602
  -10.0000  220.0000    6.6747
  -10.0000  225.0000    6.3652
  -10.0000  230.0000    6.0974
  -10.0000  235.0000    5.8972
  -10.0000  240.0000    5.8051
  -10.0000  245.0000    5.7745
  -10.0000  250.0000    5.7526
  -10.0000  255.0000    5.7311
  -10.0000  260.0000    5.6961
  -10.0000  265.0000    5.6611
  -10.0000  270.0000    5.6660
  -10.0000  275.0000    5.6816
  -10.0000  280.0000    5.7188
  -10.0000  285.0000    5.7771
  -10.0000  290.0000    5.8415
  -10.0000  295.0000    5.8458
  -10.0000  300.0000    5.8814
  -10.0000  305.0000    5.9794
  -10.0000  310.0000    6.0879
  -10.0000  315.0000    6.2485
  -10.0000  320.0000    6.4686
  -10.0000  325.0000    6.6675
  -10.0000  330.0000    6.8117
  -10.0000  335.0000    6.9142
  -10.0000  340.0000    6.9720
  -10.0000  345.0000    7.0592
  -10.0000  350.0000    7.1986
  -10.0000  355.0000    7.2333
  -10.0000  360.0000    7.2844
   -5.0000    0.0000    7.4073
   -5.0000    5.0000    7.2860
   -5.0000   10.0000    7.1605
   -5.0000   15.0000    7.1118
   -5.0000   20.0000    7.0632
   -5.0000   25.0000    7.0521
   -5.0000   30.0000    7.0456
   -5.0000   35.0000    6.9483
   -5.0000   40.0000    6.8603
   -5.0000   45.0000    6.7644
   -5.0000   50.0000    6.6684
   -5.0000   55.0000    6.6243
   -5.0000   60.0000    6.5803
   -5.0000   65.0000    6.5633
   -5.0000   70.0000    6.5553
   -5.0000   75.0000    6.5294
   -5.0000   80.0000    6.5295
   -5.0000   85.0000    6.5413
   -5.0000   90.0000    6.5621
   -5.0000   95.0000    6.5909
   -5.0000  100.0000    6.6051
   -5.0000  105.0000    6.5826
   -5.0000  110.0000    6.5436
   -5.0000  115.0000    6.5132
   -5.0000  120.0000    6.4997
   -5.0000  125.0000    6.5064
   -5.0000  130.0000    6.5349
   -5.0000  135.0000    6.5923
   -5.0000  140.0000    6.6687
   -5.0000  145.0000    6.7841
   -5.0000  150.0000    6.9244
   -5.0000  155.0000    7.0893
   -5.0000  160.0000    7.2808
   -5.0000  165.0000    7.5060
   -5.0000  170.0000    7.7697
   -5.0000  175.0000    8.0994
   -5.0000  180.0000    8.2834
   -5.0000  185.0000    8.4269
   -5.0000  190.0000    8.4124
   -5.0000  195.0000    8.1387
   -5.0000  200.0000    7.7909
   -5.0000  205.0000    7.4400
   -5.0000  210.0000    7.1713
   -5.0000  215.0000    7.0162
   -5.0000  220.0000    6.8521
   -5.0000  225.0000    6.6347
   -5.0000  230.0000    6.4195
   -5.0000  235.0000    6.2759
   -5.0000  240.0000    6.1970
   -5.0000  245.0000    6.1394
   -5.0000  250.0000    6.0996
   -5.0000  255.0000    6.0259
   -5.0000  260.0000    5.9380
   -5.0000  265.0000    5.8410
   -5.0000  270.0000    5.7580
   -5.0000  275.0000    5.6989
   -5.0000  280.0000    5.6831
   -5.0000  285.0000    5.7032
   -5.0000  290.0000    5.7216
   -5.0000  295.0000    5.7137
   -5.0000  300.0000    5.7471
   -5.0000  305.0000    5.8424
   -5.0000  310.0000    5.9866
   -5.0000  315.0000    6.1532
   -5.0000  320.0000    6.3781
   -5.0000  325.0000    6.5852
   -5.0000  330.0000    6.7484
   -5.0000  335.0000    6.8753
   -5.0000  340.0000    6.9786
   -5.0000  345.0000    7.0833
   -5.0000  350.0000    7.2056
   -5.0000  355.0000    7.2966
   -5.0000  360.0000    7.4073
    0.0000    0.0000    7.5466
    0.0000    5.0000    7.4505
    0.0000   10.0000    7.3721
    0.0000   15.0000    7.3207
    0.0000   20.0000    7.2802
    0.0000   25.0000    7.2301
    0.0000   30.0000    7.1538
    0.0000   35.0000    7.0437
    0.0000   40.0000    6.9222
    0.0000   45.0000    6.8141
    0.0000   50.0000    6.7144
    0.0000   55.0000    6.6019
    0.0000   60.0000    6.5438
    0.0000   65.0000    6.4996
    0.0000   70.0000    6.4912
    0.0000   75.0000    6.4922
    0.0000   80.0000    6.5208
    0.0000   85.0000    6.5617
    0.0000   90.0000    6.6203
    0.0000   95.0000    6.6868
    0.0000  100.0000    6.7226
    0.0000  105.0000    6.7246
    0.0000  110.0000    6.6828
    0.0000  115.0000    6.6159
    0.0000  120.0000    6.5820
    0.0000  125.0000    6.5828
    0.0000  130.0000    6.6144
    0.0000  135.0000    6.6750
    0.0000  140.0000    6.7550
    0.0000  145.0000    6.8608
    0.0000  150.0000    6.9897
    0.0000  155.0000    7.1375
    0.0000  160.0000    7.3110
    0.0000  165.0000    7.5124
    0.0000  170.0000    7.7173
    0.0000  175.0000    7.9528
    0.0000  180.0000    8.0775
    0.0000  185.0000    8.1505
    0.0000  190.0000    8.0598
    0.0000  195.0000    7.8034
    0.0000  200.0000    7.4888
    0.0000  205.0000    7.2343
    0.0000  210.0000    7.0775
    0.0000  215.0000    7.0198
    0.0000  220.0000    6.9584
    0.0000  225.0000    6.8286
    0.0000  230.0000    6.6598
    0.0000  235.0000    6.5385
    0.0000  240.0000    6.4464
    0.0000  245.0000    6.3738
    0.0000  250.0000    6.2869
    0.0000  255.0000    6.1757
    0.0000  260.0000    6.0439
    0.0000  265.0000    5.8930
    0.0000  270.0000    5.7780
    0.0000  275.0000    5.6786
    0.0000  280.0000    5.6454
    0.0000  285.0000    5.6425
    0.0000  290.0000    5.6477
    0.0000  295.0000    5.6547
    0.0000  300.0000    5.6839
    0.0000  305.0000    5.7727
    0.0000  310.0000    5.9122
    0.0000  315.0000    6.0852
    0.0000  320.0000    6.2929
    0.0000  325.0000    6.5065
    0.0000  330.0000    6.6809
    0.0000  335.0000    6.8407
    0.0000  340.0000    6.9915
    0.0000  345.0000    7.1203
    0.0000  350.0000    7.2126
    0.0000  355.0000    7.3790
    0.0000  360.0000    7.5466
    5.0000    0.0000    7.6004
    5.0000    5.0000    7.5760
    5.0000   10.0000    7.5266
    5.0000   15.0000    7.4782
    5.0000   20.0000    7.4190
    5.0000   25.0000    7.3239
    5.0000   30.0000    7.1827
    5.0000   35.0000    7.0154
    5.0000   40.0000    6.8414
    5.0000   45.0000    6.6985
    5.0000   50.0000    6.5750
    5.0000   55.0000    6.4758
    5.0000   60.0000    6.4101
    5.0000   65.0000    6.3809
    5.0000   70.0000    6.3762
    5.0000   75.0000    6.3947
    5.0000   80.0000    6.4289
    5.0000   85.0000    6.4868
    5.0000   90.0000    6.5604
    5.0000   95.0000    6.6466
    5.0000  100.0000    6.7232
    5.0000  105.0000    6.7589
    5.0000  110.0000    6.7551
    5.0000  115.0000    6.6988
    5.0000  120.0000    6.6669
    5.0000  125.0000    6.6790
    5.0000  130.0000    6.7046
    5.0000  135.0000    6.7583
    5.0000  140.0000    6.8239
    5.0000  145.0000    6.9097
    5.0000  150.0000    7.0230
    5.0000  155.0000    7.1512
    5.0000  160.0000    7.3242
    5.0000  165.0000    7.4868
    5.0000  170.0000    7.6315
    5.0000  175.0000    7.7268
    5.0000  180.0000    7.8074
    5.0000  185.0000    7.8451
    5.0000  190.0000    7.7479
    5.0000  195.0000    7.4945
    5.0000  200.0000    7.2660
    5.0000  205.0000    7.1049
    5.0000  210.0000    7.0254
    5.0000  215.0000    7.0339
    5.0000  220.0000    7.0509
    5.0000  225.0000    6.9559
    5.0000  230.0000    6.8077
    5.0000  235.0000    6.6829
    5.0000  240.0000    6.5731
    5.0000  245.0000    6.4750
    5.0000  250.0000    6.3652
    5.0000  255.0000    6.2248
    5.0000  260.0000    6.0608
    5.0000  265.0000    5.8773
    5.0000  270.0000    5.7514
    5.0000  275.0000    5.6456
    5.0000  280.0000    5.6077
    5.0000  285.0000    5.5955
    5.0000  290.0000    5.6107
    5.0000  295.0000    5.6236
    5.0000  300.0000    5.6550
    5.0000  305.0000    5.7345
    5.0000  310.0000    5.8571
    5.0000  315.0000    6.0190
    5.0000  320.0000    6.2132
    5.0000  325.0000    6.4196
    5.0000  330.0000    6.6106
    5.0000  335.0000    6.8032
    5.0000  340.0000    6.9909
    5.0000  345.0000    7.1698
    5.0000  350.0000    7.3422
    5.0000  355.0000    7.4994
    5.0000  360.0000    7.6004
   10.0000    0.0000    7.6635
   10.0000    5.0000    7.7114
   10.0000   10.0000    7.5970
   10.0000   15.0000    7.5622
   10.0000   20.0000    7.4942
   10.0000   25.0000    7.3663
   10.0000   30.0000    7.1645
   10.0000   35.0000    6.9251
   10.0000   40.0000    6.7135
   10.0000   45.0000    6.5408
   10.0000   50.0000    6.4065
   10.0000   55.0000    6.3069
   10.0000   60.0000    6.2495
   10.0000   65.0000    6.2335
   10.0000   70.0000    6.2357
   10.0000   75.0000    6.2612
   10.0000   80.0000    6.3043
   10.0000   85.0000    6.3651
   10.0000   90.0000    6.4437
   10.0000   95.0000    6.5435
   10.0000  100.0000    6.6442
   10.0000  105.0000    6.7217
   10.0000  110.0000    6.7488
   10.0000  115.0000    6.7368
   10.0000  120.0000    6.7304
   10.0000  125.0000    6.7669
   10.0000  130.0000    6.7901
   10.0000  135.0000    6.8341
   10.0000  140.0000    6.8770
   10.0000  145.0000    6.9326
   10.0000  150.0000    7.0194
   10.0000  155.0000    7.1410
   10.0000  160.0000    7.2937
   10.0000  165.0000    7.4345
   10.0000  170.0000    7.4798
   10.0000  175.0000    7.4863
   10.0000  180.0000    7.5134
   10.0000  185.0000    7.5343
   10.0000  190.0000    7.4590
   10.0000  195.0000    7.2804
   10.0000  200.0000    7.1139
   10.0000  205.0000    7.0293
   10.0000  210.0000    7.0140
   10.0000  215.0000    7.0756
   10.0000  220.0000    7.1057
   10.0000  225.0000    7.0280
   10.0000  230.0000    6.8849
   10.0000  235.0000    6.7414
   10.0000  240.0000    6.6280
   10.0000  245.0000    6.5211
   10.0000  250.0000    6.3921
   10.0000  255.0000    6.2347
   10.0000  260.0000    6.0532
   10.0000  265.0000    5.8570
   10.0000  270.0000    5.7283
   10.0000  275.0000    5.6428
   10.0000  280.0000    5.5960
   10.0000  285.0000    5.5809
   10.0000  290.0000    5.6008
   10.0000  295.0000    5.6305
   10.0000  300.0000    5.6647
   10.0000  305.0000    5.7233
   10.0000  310.0000    5.8279
   10.0000  315.0000    5.9623
   10.0000  320.0000    6.1435
   10.0000  325.0000    6.3407
   10.0000  330.0000    6.5492
   10.0000  335.0000    6.7611
   10.0000  340.0000    6.9729
   10.0000  345.0000    7.2019
   10.0000  350.0000    7.4051
   10.0000  355.0000    7.5729
   10.0000  360.0000    7.6635
   15.0000    0.0000    7.5717
   15.0000    5.0000    7.5276
   15.0000   10.0000    7.4793
   15.0000   15.0000    7.4409
   15.0000   20.0000    7.3906
   15.0000   25.0000    7.2635
   15.0000   30.0000    7.0439
   15.0000   35.0000    6.7740
   15.0000   40.0000    6.5532
   15.0000   45.0000    6.3707
   15.0000   50.0000    6.2348
   15.0000   55.0000    6.1490
   15.0000   60.0000    6.1000
   15.0000   65.0000    6.0944
   15.0000   70.0000    6.1019
   15.0000   75.0000    6.1321
   15.0000   80.0000    6.1795
   15.0000   85.0000    6.2446
   15.0000   90.0000    6.3307
   15.0000   95.0000    6.4393
   15.0000  100.0000    6.5649
   15.0000  105.0000    6.6798
   15.0000  110.0000    6.7490
   15.0000  115.0000    6.7708
   15.0000  120.0000    6.8018
   15.0000  125.0000    6.8568
   15.0000  130.0000    6.8726
   15.0000  135.0000    6.8976
   15.0000  140.0000    6.9118
   15.0000  145.0000    6.9292
   15.0000  150.0000    6.9819
   15.0000  155.0000    7.0639
   15.0000  160.0000    7.1647
   15.0000  165.0000    7.2596
   15.0000  170.0000    7.2315
   15.0000  175.0000    7.1793
   15.0000  180.0000    7.1784
   15.0000  185.0000    7.2134
   15.0000  190.0000    7.1846
   15.0000  195.0000    7.1115
   15.0000  200.0000    7.0196
   15.0000  205.0000    6.9869
   15.0000  210.0000    7.0256
   15.0000  215.0000    7.0863
   15.0000  220.0000    7.1015
   15.0000  225.0000    7.0287
   15.0000  230.0000    6.8935
   15.0000  235.0000    6.7677
   15.0000  240.0000    6.6596
   15.0000  245.0000    6.5446
   15.0000  250.0000    6.4092
   15.0000  255.0000    6.2410
   15.0000  260.0000    6.0609
   15.0000  265.0000    5.8645
   15.0000  270.0000    5.7323
   15.0000  275.0000    5.6454
   15.0000  280.0000    5.6030
   15.0000  285.0000    5.5926
   15.0000  290.0000    5.6145
   15.0000  295.0000    5.6425
   15.0000  300.0000    5.6660
   15.0000  305.0000    5.7192
   15.0000  310.0000    5.8030
   15.0000  315.0000    5.9211
   15.0000  320.0000    6.0938
   15.0000  325.0000    6.2870
   15.0000  330.0000    6.5032
   15.0000  335.0000    6.7234
   15.0000  340.0000    6.9273
   15.0000  345.0000    7.1642
   15.0000  350.0000    7.3783
   15.0000  355.0000    7.5133
   15.0000  360.0000    7.5717
   20.0000    0.0000    7.4091
   20.0000    5.0000    7.3039
   20.0000   10.0000    7.2764
   20.0000   15.0000    7.2218
   20.0000   20.0000    7.1703
   20.0000   25.0000    7.0478
   20.0000   30.0000    6.8377
   20.0000   35.0000    6.5977
   20.0000   40.0000    6.3918
   20.0000   45.0000    6.2162
   20.0000   50.0000    6.0921
   20.0000   55.0000    6.0200
   20.0000   60.0000    5.9816
   20.0000   65.0000    5.9800
   20.0000   70.0000    5.9876
   20.0000   75.0000    6.0168
   20.0000   80.0000    6.0657
   20.0000   85.0000    6.1356
   20.0000   90.0000    6.2239
   20.0000   95.0000    6.3393
   20.0000  100.0000    6.4739
   20.0000  105.0000    6.6010
   20.0000  110.0000    6.7019
   20.0000  115.0000    6.7546
   20.0000  120.0000    6.8168
   20.0000  125.0000    6.8892
   20.0000  130.0000    6.8989
   20.0000  135.0000    6.9065
   20.0000  140.0000    6.8992
   20.0000  145.0000    6.8762
   20.0000  150.0000    6.9012
   20.0000  155.0000    6.9336
   20.0000  160.0000    6.9547
   20.0000  165.0000    6.9675
   20.0000  170.0000    6.9157
   20.0000  175.0000    6.8768
   20.0000  180.0000    6.8648
   20.0000  185.0000    6.8925
   20.0000  190.0000    6.9047
   20.0000  195.0000    6.9138
   20.0000  200.0000    6.9046
   20.0000  205.0000    6.9182
   20.0000  210.0000    6.9552
   20.0000  215.0000    6.9870
   20.0000  220.0000    7.0208
   20.0000  225.0000    6.9414
   20.0000  230.0000    6.8470
   20.0000  235.0000    6.7669
   20.0000  240.0000    6.6789
   20.0000  245.0000    6.5587
   20.0000  250.0000    6.4208
   20.0000  255.0000    6.2498
   20.0000  260.0000    6.0723
   20.0000  265.0000    5.8907
   20.0000  270.0000    5.7674
   20.0000  275.0000    5.6733
   20.0000  280.0000    5.6351
   20.0000  285.0000    5.6102
   20.0000  290.0000    5.6184
   20.0000  295.0000    5.6294
   20.0000  300.0000    5.6514
   20.0000  305.0000    5.7017
   20.0000  310.0000    5.7888
   20.0000  315.0000    5.9134
   20.0000  320.0000    6.0740
   20.0000  325.0000    6.2572
   20.0000  330.0000    6.4766
   20.0000  335.0000    6.6975
   20.0000  340.0000    6.8844
   20.0000  345.0000    7.1056
   20.0000  350.0000    7.2977
   20.0000  355.0000    7.3970
   20.0000  360.0000    7.4091
   25.0000    0.0000    7.3065
   25.0000    5.0000    7.2380
   25.0000   10.0000    7.1699
   25.0000   15.0000    7.1041
   25.0000   20.0000    7.0091
   25.0000   25.0000    6.8591
   25.0000   30.0000    6.6656
   25.0000   35.0000    6.4596
   25.0000   40.0000    6.2758
   25.0000   45.0000    6.1272
   25.0000   50.0000    5.9898
   25.0000   55.0000    5.9288
   25.0000   60.0000    5.8985
   25.0000   65.0000    5.8973
   25.0000   70.0000    5.9031
   25.0000   75.0000    5.9249
   25.0000   80.0000    5.9689
   25.0000   85.0000    6.0391
   25.0000   90.0000    6.1292
   25.0000   95.0000    6.2393
   25.0000  100.0000    6.3674
   25.0000  105.0000    6.4846
   25.0000  110.0000    6.5821
   25.0000  115.0000    6.6425
   25.0000  120.0000    6.7092
   25.0000  125.0000    6.7743
   25.0000  130.0000    6.7906
   25.0000  135.0000    6.8045
   25.0000  140.0000    6.8065
   25.0000  145.0000    6.7897
   25.0000  150.0000    6.7969
   25.0000  155.0000    6.7895
   25.0000  160.0000    6.7718
   25.0000  165.0000    6.7202
   25.0000  170.0000    6.6585
   25.0000  175.0000    6.5964
   25.0000  180.0000    6.5815
   25.0000  185.0000    6.6002
   25.0000  190.0000    6.6395
   25.0000  195.0000    6.6739
   25.0000  200.0000    6.7160
   25.0000  205.0000    6.7592
   25.0000  210.0000    6.7991
   25.0000  215.0000    6.8254
   25.0000  220.0000    6.8355
   25.0000  225.0000    6.7937
   25.0000  230.0000    6.7441
   25.0000  235.0000    6.7132
   25.0000  240.0000    6.6610
   25.0000  245.0000    6.5493
   25.0000  250.0000    6.4199
   25.0000  255.0000    6.2588
   25.0000  260.0000    6.0961
   25.0000  265.0000    5.9402
   25.0000  270.0000    5.8350
   25.0000  275.0000    5.7410
   25.0000  280.0000    5.6855
   25.0000  285.0000    5.6478
   25.0000  290.0000    5.6290
   25.0000  295.0000    5.6288
   25.0000  300.0000    5.6441
   25.0000  305.0000    5.7082
   25.0000  310.0000    5.8164
   25.0000  315.0000    5.9451
   25.0000  320.0000    6.1062
   25.0000  325.0000    6.2774
   25.0000  330.0000    6.4833
   25.0000  335.0000    6.7015
   25.0000  340.0000    6.8981
   25.0000  345.0000    7.0908
   25.0000  350.0000    7.2324
   25.0000  355.0000    7.2951
   25.0000  360.0000    7.3065
   30.0000    0.0000    7.2413
   30.0000    5.0000    7.1946
   30.0000   10.0000    7.1174
   30.0000   15.0000    7.0319
   30.0000   20.0000    6.9028
   30.0000   25.0000    6.7395
   30.0000   30.0000    6.5445
   30.0000   35.0000    6.3566
   30.0000   40.0000    6.1965
   30.0000   45.0000    6.0665
   30.0000   50.0000    5.9618
   30.0000   55.0000    5.9037
   30.0000   60.0000    5.8597
   30.0000   65.0000    5.8579
   30.0000   70.0000    5.8529
   30.0000   75.0000    5.8666
   30.0000   80.0000    5.9021
   30.0000   85.0000    5.9666
   30.0000   90.0000    6.0571
   30.0000   95.0000    6.1514
   30.0000  100.0000    6.2499
   30.0000  105.0000    6.3359
   30.0000  110.0000    6.4135
   30.0000  115.0000    6.4755
   30.0000  120.0000    6.5349
   30.0000  125.0000    6.5969
   30.0000  130.0000    6.6269
   30.0000  135.0000    6.6549
   30.0000  140.0000    6.6737
   30.0000  145.0000    6.6749
   30.0000  150.0000    6.6771
   30.0000  155.0000    6.6544
   30.0000  160.0000    6.6045
   30.0000  165.0000    6.5330
   30.0000  170.0000    6.4470
   30.0000  175.0000    6.3834
   30.0000  180.0000    6.3529
   30.0000  185.0000    6.3528
   30.0000  190.0000    6.3799
   30.0000  195.0000    6.4268
   30.0000  200.0000    6.4784
   30.0000  205.0000    6.5317
   30.0000  210.0000    6.5814
   30.0000  215.0000    6.6136
   30.0000  220.0000    6.6213
   30.0000  225.0000    6.6130
   30.0000  230.0000    6.6003
   30.0000  235.0000    6.6025
   30.0000  240.0000    6.5857
   30.0000  245.0000    6.4967
   30.0000  250.0000    6.3927
   30.0000  255.0000    6.2595
   30.0000  260.0000    6.1345
   30.0000  265.0000    6.0192
   30.0000  270.0000    5.9260
   30.0000  275.0000    5.8392
   30.0000  280.0000    5.7719
   30.0000  285.0000    5.7194
   30.0000  290.0000    5.6927
   30.0000  295.0000    5.6806
   30.0000  300.0000    5.7035
   30.0000  305.0000    5.7720
   30.0000  310.0000    5.8867
   30.0000  315.0000    6.0192
   30.0000  320.0000    6.1640
   30.0000  325.0000    6.3249
   30.0000  330.0000    6.5083
   30.0000  335.0000    6.7118
   30.0000  340.0000    6.9169
   30.0000  345.0000    7.0771
   30.0000  350.0000    7.2010
   30.0000  355.0000    7.2144
   30.0000  360.0000    7.2413
   35.0000    0.0000    7.1761
   35.0000    5.0000    7.1413
   35.0000   10.0000    7.0772
   35.0000   15.0000    6.9722
   35.0000   20.0000    6.8372
   35.0000   25.0000    6.6574
   35.0000   30.0000    6.4710
   35.0000   35.0000    6.3005
   35.0000   40.0000    6.1549
   35.0000   45.0000    6.0467
   35.0000   50.0000    5.9560
   35.0000   55.0000    5.9099
   35.0000   60.0000    5.8690
   35.0000   65.0000    5.8531
   35.0000   70.0000    5.8388
   35.0000   75.0000    5.8404
   35.0000   80.0000    5.8684
   35.0000   85.0000    5.9202
   35.0000   90.0000    5.9930
   35.0000   95.0000    6.0670
   35.0000  100.0000    6.1392
   35.0000  105.0000    6.1986
   35.0000  110.0000    6.2536
   35.0000  115.0000    6.3054
   35.0000  120.0000    6.3604
   35.0000  125.0000    6.4198
   35.0000  130.0000    6.4667
   35.0000  135.0000    6.5106
   35.0000  140.0000    6.5437
   35.0000  145.0000    6.5549
   35.0000  150.0000    6.5517
   35.0000  155.0000    6.5206
   35.0000  160.0000    6.4593
   35.0000  165.0000    6.3756
   35.0000  170.0000    6.2878
   35.0000  175.0000    6.2159
   35.0000  180.0000    6.1753
   35.0000  185.0000    6.1582
   35.0000  190.0000    6.1718
   35.0000  195.0000    6.2072
   35.0000  200.0000    6.2552
   35.0000  205.0000    6.3106
   35.0000  210.0000    6.3632
   35.0000  215.0000    6.4061
   35.0000  220.0000    6.4273
   35.0000  225.0000    6.4391
   35.0000  230.0000    6.4500
   35.0000  235.0000    6.4530
   35.0000  240.0000    6.4540
   35.0000  245.0000    6.3963
   35.0000  250.0000    6.3213
   35.0000  255.0000    6.2364
   35.0000  260.0000    6.1499
   35.0000  265.0000    6.0822
   35.0000  270.0000    6.0098
   35.0000  275.0000    5.9471
   35.0000  280.0000    5.8752
   35.0000  285.0000    5.8239
   35.0000  290.0000    5.7971
   35.0000  295.0000    5.7976
   35.0000  300.0000    5.8289
   35.0000  305.0000    5.8945
   35.0000  310.0000    5.9954
   35.0000  315.0000    6.1110
   35.0000  320.0000    6.2308
   35.0000  325.0000    6.3535
   35.0000  330.0000    6.5144
   35.0000  335.0000    6.6990
   35.0000  340.0000    6.9028
   35.0000  345.0000    7.0506
   35.0000  350.0000    7.0696
   35.0000  355.0000    7.1230
   35.0000  360.0000    7.1761
   40.0000    0.0000    7.0682
   40.0000    5.0000    7.0866
   40.0000   10.0000    7.0164
   40.0000   15.0000    6.9255
   40.0000   20.0000    6.7786
   40.0000   25.0000    6.6107
   40.0000   30.0000    6.4399
   40.0000   35.0000    6.2830
   40.0000   40.0000    6.1555
   40.0000   45.0000    6.0553
   40.0000   50.0000    5.9813
   40.0000   55.0000    5.9436
   40.0000   60.0000    5.9091
   40.0000   65.0000    5.8733
   40.0000   70.0000    5.8467
   40.0000   75.0000    5.8387
   40.0000   80.0000    5.8556
   40.0000   85.0000    5.8940
   40.0000   90.0000    5.9408
   40.0000   95.0000    5.9898
   40.0000  100.0000    6.0364
   40.0000  105.0000    6.0722
   40.0000  110.0000    6.1054
   40.0000  115.0000    6.1435
   40.0000  120.0000    6.1928
   40.0000  125.0000    6.2610
   40.0000  130.0000    6.3303
   40.0000  135.0000    6.3889
   40.0000  140.0000    6.4279
   40.0000  145.0000    6.4390
   40.0000  150.0000    6.4252
   40.0000  155.0000    6.3841
   40.0000  160.0000    6.3201
   40.0000  165.0000    6.2370
   40.0000  170.0000    6.1538
   40.0000  175.0000    6.0882
   40.0000  180.0000    6.0423
   40.0000  185.0000    6.0210
   40.0000  190.0000    6.0236
   40.0000  195.0000    6.0476
   40.0000  200.0000    6.0871
   40.0000  205.0000    6.1348
   40.0000  210.0000    6.1879
   40.0000  215.0000    6.2369
   40.0000  220.0000    6.2728
   40.0000  225.0000    6.3013
   40.0000  230.0000    6.3110
   40.0000  235.0000    6.3165
   40.0000  240.0000    6.3108
   40.0000  245.0000    6.2706
   40.0000  250.0000    6.2114
   40.0000  255.0000    6.1558
   40.0000  260.0000    6.1102
   40.0000  265.0000    6.0882
   40.0000  270.0000    6.0590
   40.0000  275.0000    6.0208
   40.0000  280.0000    5.9665
   40.0000  285.0000    5.9303
   40.0000  290.0000    5.9212
   40.0000  295.0000    5.9416
   40.0000  300.0000    5.9856
   40.0000  305.0000    6.0505
   40.0000  310.0000    6.1284
   40.0000  315.0000    6.2071
   40.0000  320.0000    6.2792
   40.0000  325.0000    6.3648
   40.0000  330.0000    6.4947
   40.0000  335.0000    6.6481
   40.0000  340.0000    6.8210
   40.0000  345.0000    6.9468
   40.0000  350.0000    6.9943
   40.0000  355.0000    7.0375
   40.0000  360.0000    7.0682
   45.0000    0.0000    6.9612
   45.0000    5.0000    6.9811
   45.0000   10.0000    6.9462
   45.0000   15.0000    6.8571
   45.0000   20.0000    6.7315
   45.0000   25.0000    6.5820
   45.0000   30.0000    6.4330
   45.0000   35.0000    6.2978
   45.0000   40.0000    6.1774
   45.0000   45.0000    6.0872
   45.0000   50.0000    6.0231
   45.0000   55.0000    5.9820
   45.0000   60.0000    5.9468
   45.0000   65.0000    5.8961
   45.0000   70.0000    5.8580
   45.0000   75.0000    5.8407
   45.0000   80.0000    5.8449
   45.0000   85.0000    5.8652
   45.0000   90.0000    5.8924
   45.0000   95.0000    5.9221
   45.0000  100.0000    5.9484
   45.0000  105.0000    5.9706
   45.0000  110.0000    5.9936
   45.0000  115.0000    6.0284
   45.0000  120.0000    6.0935
   45.0000  125.0000    6.1728
   45.0000  130.0000    6.2541
   45.0000  135.0000    6.3132
   45.0000  140.0000    6.3404
   45.0000  145.0000    6.3257
   45.0000  150.0000    6.2931
   45.0000  155.0000    6.2424
   45.0000  160.0000    6.1780
   45.0000  165.0000    6.1084
   45.0000  170.0000    6.0420
   45.0000  175.0000    5.9904
   45.0000  180.0000    5.9556
   45.0000  185.0000    5.9355
   45.0000  190.0000    5.9352
   45.0000  195.0000    5.9495
   45.0000  200.0000    5.9747
   45.0000  205.0000    6.0110
   45.0000  210.0000    6.0557
   45.0000  215.0000    6.1019
   45.0000  220.0000    6.1449
   45.0000  225.0000    6.1708
   45.0000  230.0000    6.1811
   45.0000  235.0000    6.1702
   45.0000  240.0000    6.1564
   45.0000  245.0000    6.1116
   45.0000  250.0000    6.0698
   45.0000  255.0000    6.0350
   45.0000  260.0000    6.0136
   45.0000  265.0000    6.0140
   45.0000  270.0000    6.0333
   45.0000  275.0000    6.0501
   45.0000  280.0000    6.0402
   45.0000  285.0000    6.0111
   45.0000  290.0000    6.0323
   45.0000  295.0000    6.0743
   45.0000  300.0000    6.1479
   45.0000  305.0000    6.2043
   45.0000  310.0000    6.2586
   45.0000  315.0000    6.2829
   45.0000  320.0000    6.3011
   45.0000  325.0000    6.3548
   45.0000  330.0000    6.4454
   45.0000  335.0000    6.5695
   45.0000  340.0000    6.7012
   45.0000  345.0000    6.8038
   45.0000  350.0000    6.8830
   45.0000  355.0000    6.9180
   45.0000  360.0000    6.9612
   50.0000    0.0000    6.8235
   50.0000    5.0000    6.8581
   50.0000   10.0000    6.8315
   50.0000   15.0000    6.7732
   50.0000   20.0000    6.6707
   50.0000   25.0000    6.5486
   50.0000   30.0000    6.4239
   50.0000   35.0000    6.3052
   50.0000   40.0000    6.1992
   50.0000   45.0000    6.1140
   50.0000   50.0000    6.0557
   50.0000   55.0000    6.0036
   50.0000   60.0000    5.9599
   50.0000   65.0000    5.9051
   50.0000   70.0000    5.8630
   50.0000   75.0000    5.8384
   50.0000   80.0000    5.8300
   50.0000   85.0000    5.8361
   50.0000   90.0000    5.8523
   50.0000   95.0000    5.8688
   50.0000  100.0000    5.8870
   50.0000  105.0000    5.9049
   50.0000  110.0000    5.9268
   50.0000  115.0000    5.9659
   50.0000  120.0000    6.0286
   50.0000  125.0000    6.1128
   50.0000  130.0000    6.1887
   50.0000  135.0000    6.2352
   50.0000  140.0000    6.2446
   50.0000  145.0000    6.1999
   50.0000  150.0000    6.1487
   50.0000  155.0000    6.0885
   50.0000  160.0000    6.0313
   50.0000  165.0000    5.9813
   50.0000  170.0000    5.9415
   50.0000  175.0000    5.9141
   50.0000  180.0000    5.8960
   50.0000  185.0000    5.8882
   50.0000  190.0000    5.8866
   50.0000  195.0000    5.8923
   50.0000  200.0000    5.9033
   50.0000  205.0000    5.9250
   50.0000  210.0000    5.9523
   50.0000  215.0000    5.9888
   50.0000  220.0000    6.0199
   50.0000  225.0000    6.0354
   50.0000  230.0000    6.0289
   50.0000  235.0000    6.0087
   50.0000  240.0000    5.9801
   50.0000  245.0000    5.9571
   50.0000  250.0000    5.9296
   50.0000  255.0000    5.9227
   50.0000  260.0000    5.9175
   50.0000  265.0000    5.9333
   50.0000  270.0000    5.9773
   50.0000  275.0000    6.0361
   50.0000  280.0000    6.1021
   50.0000  285.0000    6.0681
   50.0000  290.0000    6.0969
   50.0000  295.0000    6.1376
   50.0000  300.0000    6.2153
   50.0000  305.0000    6.2471
   50.0000  310.0000    6.2730
   50.0000  315.0000    6.2808
   50.0000  320.0000    6.2908
   50.0000  325.0000    6.3166
   50.0000  330.0000    6.3878
   50.0000  335.0000    6.4791
   50.0000  340.0000    6.5737
   50.0000  345.0000    6.6545
   50.0000  350.0000    6.7222
   50.0000  355.0000    6.7828
   50.0000  360.0000    6.8235
   55.0000    0.0000    6.6719
   55.0000    5.0000    6.6914
   55.0000   10.0000    6.6957
   55.0000   15.0000    6.6551
   55.0000   20.0000    6.5800
   55.0000   25.0000    6.4840
   55.0000   30.0000    6.3846
   55.0000   35.0000    6.2866
   55.0000   40.0000    6.1967
   55.0000   45.0000    6.1202
   55.0000   50.0000    6.0595
   55.0000   55.0000    6.0068
   55.0000   60.0000    5.9493
   55.0000   65.0000    5.8992
   55.0000   70.0000    5.8586
   55.0000   75.0000    5.8321
   55.0000   80.0000    5.8167
   55.0000   85.0000    5.8152
   55.0000   90.0000    5.8256
   55.0000   95.0000    5.8351
   55.0000  100.0000    5.8495
   55.0000  105.0000    5.8677
   55.0000  110.0000    5.8910
   55.0000  115.0000    5.9253
   55.0000  120.0000    5.9740
   55.0000  125.0000    6.0407
   55.0000  130.0000    6.0910
   55.0000  135.0000    6.1147
   55.0000  140.0000    6.1049
   55.0000  145.0000    6.0580
   55.0000  150.0000    5.9859
   55.0000  155.0000    5.9213
   55.0000  160.0000    5.8726
   55.0000  165.0000    5.8490
   55.0000  170.0000    5.8414
   55.0000  175.0000    5.8410
   55.0000  180.0000    5.8466
   55.0000  185.0000    5.8536
   55.0000  190.0000    5.8545
   55.0000  195.0000    5.8530
   55.0000  200.0000    5.8494
   55.0000  205.0000    5.8583
   55.0000  210.0000    5.8652
   55.0000  215.0000    5.8903
   55.0000  220.0000    5.9049
   55.0000  225.0000    5.9035
   55.0000  230.0000    5.8791
   55.0000  235.0000    5.8507
   55.0000  240.0000    5.8120
   55.0000  245.0000    5.8116
   55.0000  250.0000    5.8102
   55.0000  255.0000    5.8204
   55.0000  260.0000    5.8285
   55.0000  265.0000    5.8485
   55.0000  270.0000    5.8925
   55.0000  275.0000    5.9514
   55.0000  280.0000    6.0143
   55.0000  285.0000    6.0601
   55.0000  290.0000    6.1100
   55.0000  295.0000    6.1554
   55.0000  300.0000    6.1978
   55.0000  305.0000    6.2231
   55.0000  310.0000    6.2290
   55.0000  315.0000    6.2296
   55.0000  320.0000    6.2417
   55.0000  325.0000    6.2757
   55.0000  330.0000    6.3264
   55.0000  335.0000    6.3892
   55.0000  340.0000    6.4526
   55.0000  345.0000    6.5156
   55.0000  350.0000    6.5599
   55.0000  355.0000    6.6178
   55.0000  360.0000    6.6719
   60.0000    0.0000    6.5101
   60.0000    5.0000    6.5366
   60.0000   10.0000    6.5437
   60.0000   15.0000    6.5225
   60.0000   20.0000    6.4653
   60.0000   25.0000    6.3872
   60.0000   30.0000    6.3128
   60.0000   35.0000    6.2382
   60.0000   40.0000    6.1713
   60.0000   45.0000    6.1085
   60.0000   50.0000    6.0481
   60.0000   55.0000    5.9836
   60.0000   60.0000    5.9251
   60.0000   65.0000    5.8847
   60.0000   70.0000    5.8566
   60.0000   75.0000    5.8331
   60.0000   80.0000    5.8186
   60.0000   85.0000    5.8110
   60.0000   90.0000    5.8145
   60.0000   95.0000    5.8198
   60.0000  100.0000    5.8309
   60.0000  105.0000    5.8497
   60.0000  110.0000    5.8680
   60.0000  115.0000    5.8860
   60.0000  120.0000    5.9147
   60.0000  125.0000    5.9409
   60.0000  130.0000    5.9629
   60.0000  135.0000    5.9608
   60.0000  140.0000    5.9307
   60.0000  145.0000    5.8781
   60.0000  150.0000    5.8153
   60.0000  155.0000    5.7570
   60.0000  160.0000    5.7292
   60.0000  165.0000    5.7208
   60.0000  170.0000    5.7323
   60.0000  175.0000    5.7582
   60.0000  180.0000    5.7843
   60.0000  185.0000    5.8030
   60.0000  190.0000    5.8101
   60.0000  195.0000    5.8064
   60.0000  200.0000    5.8040
   60.0000  205.0000    5.7969
   60.0000  210.0000    5.8033
   60.0000  215.0000    5.8050
   60.0000  220.0000    5.8045
   60.0000  225.0000    5.7842
   60.0000  230.0000    5.7518
   60.0000  235.0000    5.7186
   60.0000  240.0000    5.6935
   60.0000  245.0000    5.6926
   60.0000  250.0000    5.7074
   60.0000  255.0000    5.7267
   60.0000  260.0000    5.7461
   60.0000  265.0000    5.7698
   60.0000  270.0000    5.8113
   60.0000  275.0000    5.8658
   60.0000  280.0000    5.9322
   60.0000  285.0000    5.9980
   60.0000  290.0000    6.0577
   60.0000  295.0000    6.1006
   60.0000  300.0000    6.1301
   60.0000  305.0000    6.1457
   60.0000  310.0000    6.1593
   60.0000  315.0000    6.1750
   60.0000  320.0000    6.1990
   60.0000  325.0000    6.2264
   60.0000  330.0000    6.2610
   60.0000  335.0000    6.2989
   60.0000  340.0000    6.3428
   60.0000  345.0000    6.3855
   60.0000  350.0000    6.4360
   60.0000  355.0000    6.4805
   60.0000  360.0000    6.5101
   65.0000    0.0000    6.3272
   65.0000    5.0000    6.3654
   65.0000   10.0000    6.3895
   65.0000   15.0000    6.3627
   65.0000   20.0000    6.3225
   65.0000   25.0000    6.2529
   65.0000   30.0000    6.2020
   65.0000   35.0000    6.1613
   65.0000   40.0000    6.1186
   65.0000   45.0000    6.0723
   65.0000   50.0000    6.0166
   65.0000   55.0000    5.9608
   65.0000   60.0000    5.9118
   65.0000   65.0000    5.8782
   65.0000   70.0000    5.8547
   65.0000   75.0000    5.8438
   65.0000   80.0000    5.8298
   65.0000   85.0000    5.8193
   65.0000   90.0000    5.8134
   65.0000   95.0000    5.8132
   65.0000  100.0000    5.8214
   65.0000  105.0000    5.8328
   65.0000  110.0000    5.8464
   65.0000  115.0000    5.8497
   65.0000  120.0000    5.8473
   65.0000  125.0000    5.8473
   65.0000  130.0000    5.8379
   65.0000  135.0000    5.8160
   65.0000  140.0000    5.7781
   65.0000  145.0000    5.7276
   65.0000  150.0000    5.6772
   65.0000  155.0000    5.6410
   65.0000  160.0000    5.6182
   65.0000  165.0000    5.6141
   65.0000  170.0000    5.6340
   65.0000  175.0000    5.6744
   65.0000  180.0000    5.7062
   65.0000  185.0000    5.7311
   65.0000  190.0000    5.7409
   65.0000  195.0000    5.7389
   65.0000  200.0000    5.7324
   65.0000  205.0000    5.7282
   65.0000  210.0000    5.7198
   65.0000  215.0000    5.7161
   65.0000  220.0000    5.7054
   65.0000  225.0000    5.6798
   65.0000  230.0000    5.6476
   65.0000  235.0000    5.6192
   65.0000  240.0000    5.5876
   65.0000  245.0000    5.5864
   65.0000  250.0000    5.5985
   65.0000  255.0000    5.6399
   65.0000  260.0000    5.6684
   65.0000  265.0000    5.6973
   65.0000  270.0000    5.7400
   65.0000  275.0000    5.7949
   65.0000  280.0000    5.8550
   65.0000  285.0000    5.9203
   65.0000  290.0000    5.9815
   65.0000  295.0000    6.0266
   65.0000  300.0000    6.0588
   65.0000  305.0000    6.0780
   65.0000  310.0000    6.0956
   65.0000  315.0000    6.1141
   65.0000  320.0000    6.1386
   65.0000  325.0000    6.1611
   65.0000  330.0000    6.1835
   65.0000  335.0000    6.2041
   65.0000  340.0000    6.2265
   65.0000  345.0000    6.2531
   65.0000  350.0000    6.2923
   65.0000  355.0000    6.3081
   65.0000  360.0000    6.3272
   70.0000    0.0000    6.1150
   70.0000    5.0000    6.1120
   70.0000   10.0000    6.1343
   70.0000   15.0000    6.1641
   70.0000   20.0000    6.1476
   70.0000   25.0000    6.1282
   70.0000   30.0000    6.1062
   70.0000   35.0000    6.0830
   70.0000   40.0000    6.0635
   70.0000   45.0000    6.0394
   70.0000   50.0000    5.9976
   70.0000   55.0000    5.9512
   70.0000   60.0000    5.9062
   70.0000   65.0000    5.8808
   70.0000   70.0000    5.8641
   70.0000   75.0000    5.8480
   70.0000   80.0000    5.8370
   70.0000   85.0000    5.8223
   70.0000   90.0000    5.8074
   70.0000   95.0000    5.8025
   70.0000  100.0000    5.8027
   70.0000  105.0000    5.8085
   70.0000  110.0000    5.8088
   70.0000  115.0000    5.8048
   70.0000  120.0000    5.7912
   70.0000  125.0000    5.7726
   70.0000  130.0000    5.7499
   70.0000  135.0000    5.7194
   70.0000  140.0000    5.6817
   70.0000  145.0000    5.6422
   70.0000  150.0000    5.6050
   70.0000  155.0000    5.5765
   70.0000  160.0000    5.5583
   70.0000  165.0000    5.5537
   70.0000  170.0000    5.5673
   70.0000  175.0000    5.5977
   70.0000  180.0000    5.6292
   70.0000  185.0000    5.6507
   70.0000  190.0000    5.6606
   70.0000  195.0000    5.6556
   70.0000  200.0000    5.6483
   70.0000  205.0000    5.6379
   70.0000  210.0000    5.6279
   70.0000  215.0000    5.6228
   70.0000  220.0000    5.6146
   70.0000  225.0000    5.5941
   70.0000  230.0000    5.5727
   70.0000  235.0000    5.5515
   70.0000  240.0000    5.5369
   70.0000  245.0000    5.5329
   70.0000  250.0000    5.5390
   70.0000  255.0000    5.5840
   70.0000  260.0000    5.6114
   70.0000  265.0000    5.6421
   70.0000  270.0000    5.6845
   70.0000  275.0000    5.7334
   70.0000  280.0000    5.7853
   70.0000  285.0000    5.8418
   70.0000  290.0000    5.8887
   70.0000  295.0000    5.9299
   70.0000  300.0000    5.9579
   70.0000  305.0000    5.9781
   70.0000  310.0000    5.9945
   70.0000  315.0000    6.0153
   70.0000  320.0000    6.0360
   70.0000  325.0000    6.0560
   70.0000  330.0000    6.0727
   70.0000  335.0000    6.0871
   70.0000  340.0000    6.0962
   70.0000  345.0000    6.1052
   70.0000  350.0000    6.1043
   70.0000  355.0000    6.1101
   70.0000  360.0000    6.1150
   75.0000    0.0000    5.9468
   75.0000    5.0000    5.9247
   75.0000   10.0000    5.9452
   75.0000   15.0000    5.9789
   75.0000   20.0000    5.9814
   75.0000   25.0000    5.9688
   75.0000   30.0000    5.9759
   75.0000   35.0000    5.9825
   75.0000   40.0000    5.9869
   75.0000   45.0000    5.9771
   75.0000   50.0000    5.9542
   75.0000   55.0000    5.9170
   75.0000   60.0000    5.8831
   75.0000   65.0000    5.8580
   75.0000   70.0000    5.8458
   75.0000   75.0000    5.8289
   75.0000   80.0000    5.8163
   75.0000   85.0000    5.8024
   75.0000   90.0000    5.7848
   75.0000   95.0000    5.7759
   75.0000  100.0000    5.7711
   75.0000  105.0000    5.7673
   75.0000  110.0000    5.7639
   75.0000  115.0000    5.7533
   75.0000  120.0000    5.7392
   75.0000  125.0000    5.7208
   75.0000  130.0000    5.6982
   75.0000  135.0000    5.6719
   75.0000  140.0000    5.6423
   75.0000  145.0000    5.6120
   75.0000  150.0000    5.5859
   75.0000  155.0000    5.5651
   75.0000  160.0000    5.5503
   75.0000  165.0000    5.5436
   75.0000  170.0000    5.5490
   75.0000  175.0000    5.5645
   75.0000  180.0000    5.5841
   75.0000  185.0000    5.5912
   75.0000  190.0000    5.5939
   75.0000  195.0000    5.5905
   75.0000  200.0000    5.5822
   75.0000  205.0000    5.5745
   75.0000  210.0000    5.5670
   75.0000  215.0000    5.5656
   75.0000  220.0000    5.5632
   75.0000  225.0000    5.5617
   75.0000  230.0000    5.5546
   75.0000  235.0000    5.5478
   75.0000  240.0000    5.5433
   75.0000  245.0000    5.5415
   75.0000  250.0000    5.5462
   75.0000  255.0000    5.5683
   75.0000  260.0000    5.5899
   75.0000  265.0000    5.6138
   75.0000  270.0000    5.6475
   75.0000  275.0000    5.6842
   75.0000  280.0000    5.7242
   75.0000  285.0000    5.7612
   75.0000  290.0000    5.7977
   75.0000  295.0000    5.8267
   75.0000  300.0000    5.8494
   75.0000  305.0000    5.8650
   75.0000  310.0000    5.8801
   75.0000  315.0000    5.8962
   75.0000  320.0000    5.9143
   75.0000  325.0000    5.9306
   75.0000  330.0000    5.9443
   75.0000  335.0000    5.9553
   75.0000  340.0000    5.9642
   75.0000  345.0000    5.9653
   75.0000  350.0000    5.9536
   75.0000  355.0000    5.9458
   75.0000  360.0000    5.9468
   80.0000    0.0000    5.8537
   80.0000    5.0000    5.8632
   80.0000   10.0000    5.8598
   80.0000   15.0000    5.8657
   80.0000   20.0000    5.8644
   80.0000   25.0000    5.8631
   80.0000   30.0000    5.8628
   80.0000   35.0000    5.8647
   80.0000   40.0000    5.8723
   80.0000   45.0000    5.8712
   80.0000   50.0000    5.8670
   80.0000   55.0000    5.8435
   80.0000   60.0000    5.8231
   80.0000   65.0000    5.8051
   80.0000   70.0000    5.7933
   80.0000   75.0000    5.7746
   80.0000   80.0000    5.7670
   80.0000   85.0000    5.7565
   80.0000   90.0000    5.7430
   80.0000   95.0000    5.7329
   80.0000  100.0000    5.7246
   80.0000  105.0000    5.7185
   80.0000  110.0000    5.7120
   80.0000  115.0000    5.7055
   80.0000  120.0000    5.6960
   80.0000  125.0000    5.6842
   80.0000  130.0000    5.6698
   80.0000  135.0000    5.6530
   80.0000  140.0000    5.6353
   80.0000  145.0000    5.6177
   80.0000  150.0000    5.6011
   80.0000  155.0000    5.5872
   80.0000  160.0000    5.5755
   80.0000  165.0000    5.5674
   80.0000  170.0000    5.5651
   80.0000  175.0000    5.5682
   80.0000  180.0000    5.5703
   80.0000  185.0000    5.5680
   80.0000  190.0000    5.5683
   80.0000  195.0000    5.5642
   80.0000  200.0000    5.5598
   80.0000  205.0000    5.5542
   80.0000  210.0000    5.5494
   80.0000  215.0000    5.5502
   80.0000  220.0000    5.5500
   80.0000  225.0000    5.5531
   80.0000  230.0000    5.5574
   80.0000  235.0000    5.5609
   80.0000  240.0000    5.5630
   80.0000  245.0000    5.5678
   80.0000  250.0000    5.5753
   80.0000  255.0000    5.5815
   80.0000  260.0000    5.5913
   80.0000  265.0000    5.6061
   80.0000  270.0000    5.6285
   80.0000  275.0000    5.6518
   80.0000  280.0000    5.6736
   80.0000  285.0000    5.6970
   80.0000  290.0000    5.7174
   80.0000  295.0000    5.7354
   80.0000  300.0000    5.7488
   80.0000  305.0000    5.7602
   80.0000  310.0000    5.7707
   80.0000  315.0000    5.7831
   80.0000  320.0000    5.7968
   80.0000  325.0000    5.8100
   80.0000  330.0000    5.8225
   80.0000  335.0000    5.8336
   80.0000  340.0000    5.8422
   80.0000  345.0000    5.8488
   80.0000  350.0000    5.8532
   80.0000  355.0000    5.8527
   80.0000  360.0000    5.8537
   85.0000    0.0000    5.7717
   85.0000    5.0000    5.7755
   85.0000   10.0000    5.7772
   85.0000   15.0000    5.7643
   85.0000   20.0000    5.7627
   85.0000   25.0000    5.7603
   85.0000   30.0000    5.7575
   85.0000   35.0000    5.7553
   85.0000   40.0000    5.7539
   85.0000   45.0000    5.7523
   85.0000   50.0000    5.7449
   85.0000   55.0000    5.7366
   85.0000   60.0000    5.7276
   85.0000   65.0000    5.7181
   85.0000   70.0000    5.7058
   85.0000   75.0000    5.6963
   85.0000   80.0000    5.7003
   85.0000   85.0000    5.6974
   85.0000   90.0000    5.6905
   85.0000   95.0000    5.6805
   85.0000  100.0000    5.6707
   85.0000  105.0000    5.6622
   85.0000  110.0000    5.6583
   85.0000  115.0000    5.6578
   85.0000  120.0000    5.6564
   85.0000  125.0000    5.6540
   85.0000  130.0000    5.6489
   85.0000  135.0000    5.6433
   85.0000  140.0000    5.6385
   85.0000  145.0000    5.6330
   85.0000  150.0000    5.6262
   85.0000  155.0000    5.6178
   85.0000  160.0000    5.6091
   85.0000  165.0000    5.6009
   85.0000  170.0000    5.5937
   85.0000  175.0000    5.5887
   85.0000  180.0000    5.5757
   85.0000  185.0000    5.5738
   85.0000  190.0000    5.5722
   85.0000  195.0000    5.5709
   85.0000  200.0000    5.5699
   85.0000  205.0000    5.5693
   85.0000  210.0000    5.5623
   85.0000  215.0000    5.5643
   85.0000  220.0000    5.5666
   85.0000  225.0000    5.5695
   85.0000  230.0000    5.5729
   85.0000  235.0000    5.5770
   85.0000  240.0000    5.5816
   85.0000  245.0000    5.5869
   85.0000  250.0000    5.5929
   85.0000  255.0000    5.5989
   85.0000  260.0000    5.6044
   85.0000  265.0000    5.6110
   85.0000  270.0000    5.6195
   85.0000  275.0000    5.6287
   85.0000  280.0000    5.6386
   85.0000  285.0000    5.6484
   85.0000  290.0000    5.6580
   85.0000  295.0000    5.6669
   85.0000  300.0000    5.6743
   85.0000  305.0000    5.6818
   85.0000  310.0000    5.6888
   85.0000  315.0000    5.6967
   85.0000  320.0000    5.7063
   85.0000  325.0000    5.7152
   85.0000  330.0000    5.7244
   85.0000  335.0000    5.7328
   85.0000  340.0000    5.7405
   85.0000  345.0000    5.7465
   85.0000  350.0000    5.7577
   85.0000  355.0000    5.7657
   85.0000  360.0000    5.7717
   90.0000    0.0000    5.6326
   90.0000    5.0000    5.6326
   90.0000   10.0000    5.6326
   90.0000   15.0000    5.6326
   90.0000   20.0000    5.6326
   90.0000   25.0000    5.6326
   90.0000   30.0000    5.6326
   90.0000   35.0000    5.6326
   90.0000   40.0000    5.6326
   90.0000   45.0000    5.6326
   90.0000   50.0000    5.6326
   90.0000   55.0000    5.6326
   90.0000   60.0000    5.6326
   90.0000   65.0000    5.6326
   90.0000   70.0000    5.6326
   90.0000   75.0000    5.6326
   90.0000   80.0000    5.6326
   90.0000   85.0000    5.6326
   90.0000   90.0000    5.6326
   90.0000   95.0000    5.6326
   90.0000  100.0000    5.6326
   90.0000  105.0000    5.6326
   90.0000  110.0000    5.6326
   90.0000  115.0000    5.6326
   90.0000  120.0000    5.6326
   90.0000  125.0000    5.6326
   90.0000  130.0000    5.6326
   90.0000  135.0000    5.6326
   90.0000  140.0000    5.6326
   90.0000  145.0000    5.6326
   90.0000  150.0000    5.6326
   90.0000  155.0000    5.6326
   90.0000  160.0000    5.6326
   90.0000  165.0000    5.6326
   90.0000  170.0000    5.6326
   90.0000  175.0000    5.6326
   90.0000  180.0000    5.6326
   90.0000  185.0000    5.6326
   90.0000  190.0000    5.6326
   90.0000  195.0000    5.6326
   90.0000  200.0000    5.6326
   90.0000  205.0000    5.6326
   90.0000  210.0000    5.6326
   90.0000  215.0000    5.6326
   90.0000  220.0000    5.6326
   90.0000  225.0000    5.6326
   90.0000  230.0000    5.6326
   90.0000  235.0000    5.6326
   90.0000  240.0000    5.6326
   90.0000  245.0000    5.6326
   90.0000  250.0000    5.6326
   90.0000  255.0000    5.6326
   90.0000  260.0000    5.6326
   90.0000  265.0000    5.6326
   90.0000  270.0000    5.6326
   90.0000  275.0000    5.6326
   90.0000  280.0000    5.6326
   90.0000  285.0000    5.6326
   90.0000  290.0000    5.6326
   90.0000  295.0000    5.6326
   90.0000  300.0000    5.6326
   90.0000  305.0000    5.6326
   90.0000  310.0000    5.6326
   90.0000  315.0000    5.6326
   90.0000  320.0000    5.6326
   90.0000  325.0000    5.6326
   90.0000  330.0000    5.6326
   90.0000  335.0000    5.6326
   90.0000  340.0000    5.6326
   90.0000  345.0000    5.6326
   90.0000  350.0000    5.6326
   90.0000  355.0000    5.6326
   90.0000  360.0000    5.6326
